001352,000033,000033,000000,-2433,+0024,-0003
001353,000033,000033,000000,-2433,+0024,-0003
001354,000033,000033,000000,-2435,+0028,-0001
001355,000033,000033,000000,-2435,+0028,-0001
001356,000033,000033,000000,-2439,+0027,+0012
001357,000033,000033,000000,-2438,+0026,+0001
001358,000034,000033,000000,-2438,+0026,+0001
001359,000034,000033,000000,-2439,+0025,-0004
001360,000034,000033,000000,-2439,+0025,-0004
001361,000034,000033,000000,-2444,+0026,-0020
001362,000034,000033,000000,-2444,+0026,-0020
001363,000034,000033,000000,-2450,+0025,-0047
001364,000034,000033,000000,-2446,+0025,-0068
001365,000034,000033,000000,-2446,+0025,-0068
001366,000034,000033,000000,-2446,+0025,-0068
001367,000034,000033,000000,-2446,+0025,-0068
001368,000034,000033,000000,-2442,+0026,-0065
001369,000034,000033,000000,-2442,+0026,-0065
001370,000034,000033,000000,-2438,+0025,-0076
001371,000034,000033,000000,-2438,+0025,-0076
001372,000034,000033,000000,-2440,+0026,-0047
001373,000034,000033,000000,-2440,+0026,-0047
001374,000034,000033,000000,-2441,+0025,-0042
001375,000034,000033,000000,-2441,+0025,-0042
001376,000034,000033,000000,-2444,+0025,-0043
001377,000034,000033,000000,-2444,+0025,-0043
001378,000034,000033,000000,-2444,+0025,-0043
001379,000034,000033,000000,-2445,+0025,-0049
001380,000034,000033,000000,-2445,+0025,-0049
001381,000034,000033,000000,-2446,+0025,-0037
001382,000034,000033,000000,-2446,+0025,-0037
001383,000034,000033,000000,-2446,+0027,-0033
001384,000034,000033,000000,-2446,+0027,-0033
001385,000034,000033,000000,-2444,+0025,-0044
001386,000034,000033,000000,-2444,+0025,-0044
001387,000034,000033,000000,-2444,+0025,-0044
001388,000034,000033,000000,-2445,+0026,-0026
001389,000034,000033,000000,-2445,+0026,-0026
001390,000034,000033,000000,-2447,+0026,-0030
001391,000034,000033,000000,-2447,+0026,-0030
001392,000034,000033,000000,-2453,+0026,-0034
001393,000034,000033,000000,-2453,+0026,-0034
001394,000034,000033,000000,-2457,+0023,-0044
001395,000034,000033,000000,-2457,+0023,-0044
001396,000034,000033,000000,-2460,+0026,-0040
001397,000034,000033,000000,-2460,+0026,-0040
001398,000034,000033,000000,-2464,+0024,-0048
001399,000033,000033,000000,-2464,+0026,-0050
001400,000033,000033,003792,-2464,+0026,-0050
001401,000034,000033,003792,-2465,+0027,-0018
001402,000034,000033,003792,-2465,+0027,-0018
001403,000034,000033,003792,-2463,+0024,-0049
001404,000034,000033,003792,-2463,+0024,-0049
001405,000034,000033,003792,-2467,+0024,-0033
001406,000034,000033,003792,-2467,+0024,-0033
001407,000034,000033,003792,-2467,+0024,-0033
001408,000034,000033,003792,-2468,+0023,-0029
001409,000034,000033,000000,-2468,+0023,-0029
001410,000034,000033,000000,-2471,+0023,-0025
001411,000034,000033,000000,-2471,+0023,-0025
001412,000034,000033,000000,-2474,+0022,-0004
001413,000034,000033,000000,-2474,+0022,-0004
001414,000034,000033,000000,-2477,+0024,-0028
001415,000034,000033,000000,-2477,+0024,-0028
001416,000033,000033,000000,-2480,+0024,-0026
001417,000033,000033,000000,-2480,+0024,-0026
001418,000034,000033,000000,-2480,+0024,-0026
001419,000034,000033,000000,-2480,+0024,-0026
001420,000033,000033,000000,-2480,+0022,-0047
001421,000033,000033,000000,-2480,+0019,-0036
001422,000034,000033,000000,-2480,+0019,-0036
001423,000034,000033,000000,-2478,+0016,+0005
001424,000034,000033,000000,-2478,+0016,+0005
001425,000033,000033,002633,-2477,+0034,-0001
001426,000033,000033,002633,-2468,+0035,-0013
001427,000034,000033,002633,-2468,+0035,-0013
001428,000034,000033,001978,-2470,+0009,+0008
001429,000034,000033,001978,-2470,+0009,+0008
001430,000034,000033,001978,-2470,+0009,+0008
001431,000034,000033,001978,-2470,+0009,+0008
001432,000034,000033,001978,-2473,+0003,-0006
001433,000034,000033,001978,-2473,+0003,-0006
001434,000034,000033,002887,-2473,+0006,-0012
001435,000034,000033,002887,-2473,+0006,-0012
001436,000034,000033,002887,-2473,+0010,+0006
001437,000034,000033,002887,-2473,+0010,+0006
001438,000034,000033,000000,-2473,+0012,+0000
001439,000034,000033,000000,-2473,+0012,+0000
001440,000034,000033,000000,-2473,+0016,+0019
001441,000034,000033,000000,-2472,+0007,+0023
001442,000034,000033,000000,-2472,+0007,+0023
001443,000034,000033,000000,-2479,+0000,+0000
001444,000035,000033,000000,-2479,+0000,+0000
001445,000035,000033,000000,-2473,-0022,+0055
001446,000035,000033,002663,-2473,-0022,+0055
001447,000035,000033,000643,-2509,+0279,-0060
001448,000033,000033,000009,-2509,+0279,-0060
001449,000033,000033,000002,-2612,+0409,+0077
001450,000033,000033,000045,-2612,+0409,+0077
001451,000033,000033,001267,-2612,+0409,+0077
001452,000034,000033,001267,-2581,+0371,+0092
001453,000034,000033,001267,-2581,+0371,+0092
001454,000034,000033,002049,-2518,+0270,+0076
001455,000033,000033,001024,-2518,+0270,+0076
001456,000033,000033,000855,-2451,+0285,-0105
001457,000033,000033,001262,-2451,+0285,-0105
001458,000033,000033,001728,-2331,+0346,-0278
001459,000033,000033,002126,-2331,+0346,-0278
001460,000033,000033,002614,-2295,+0299,-0180
001461,000035,000433,002912,-2300,+0423,-0025
001462,000035,000700,003217,-2300,+0423,-0025
001463,000035,000533,003686,-2316,+0386,+0128
001464,000034,000700,003738,-2316,+0386,+0128
001465,000034,000700,004073,-2240,+0152,-0020
001466,000033,000533,005077,-2240,+0152,-0020
001467,000033,000733,005258,-2145,+0263,-0053
001468,000033,000700,005164,-2145,+0263,-0053
001469,000033,000600,005258,-2246,+0298,-0070
001470,000033,000733,004719,-2246,+0298,-0070
001471,000033,000733,004547,-2432,+0159,-0368
001472,000033,000733,005077,-2432,+0159,-0368
001473,000034,000733,005258,-2432,+0159,-0368
001474,000034,000733,005473,-2539,-0045,+0091
001475,000034,000733,005473,-2539,-0045,+0091
001476,000034,000733,005473,-2510,-0257,+0073
001477,000034,000733,005077,-2510,-0257,+0073
001478,000033,000733,004782,-2459,-0297,-0205
001479,000033,000733,004547,-2333,-0056,-0399
001480,000033,000733,004445,-2333,-0056,-0399
001481,000033,000733,004920,-2347,-0139,-0466
001482,000033,000733,005473,-2347,-0139,-0466
001483,000033,000733,005473,-2347,-0139,-0466
001484,000033,000733,005258,-2347,-0139,-0466
001485,000033,000733,005164,-2376,-0151,-0485
001486,000033,000733,004445,-2376,-0151,-0485
001487,000033,000733,004445,-2516,+0051,-0106
001488,000033,000733,004920,-2516,+0051,-0106
001489,000033,000733,004920,-2738,+0129,-0186
001490,000033,000733,005258,-2738,+0129,-0186
001491,000033,000733,004658,-2802,-0285,-0242
001492,000033,000733,004719,-2802,-0285,-0242
001493,000033,000700,005360,-2896,+0027,-0382
001494,000033,000500,005077,-2916,-0048,-0382
001495,000033,000666,004920,-2916,-0048,-0382
001496,000033,000666,005360,-2878,-0241,-0555
001497,000033,000466,005597,-2878,-0241,-0555
001498,000033,000466,004782,-2813,-0001,-0433
001499,000033,000666,004004,-2793,-0169,-0599
001500,000033,000500,003908,-2793,-0169,-0599
001501,000033,000700,004265,-2606,+0207,-0498
001502,000033,000666,004547,-2606,+0207,-0498
001503,000033,000466,004109,-2294,+0259,-0523
001504,000034,000700,004265,-2199,+0026,-0679
001505,000034,000733,003908,-2250,+0008,-0569
001506,000033,000600,004445,-2250,+0008,-0569
001507,000033,000700,004920,-2182,-0157,-0353
001508,000033,000633,004849,-2182,-0157,-0353
001509,000033,000666,004849,-2298,+0156,+0066
001510,000033,000700,004849,-2298,+0156,+0066
001511,000035,000600,004849,-2298,+0156,+0066
001512,000035,000600,004849,-2298,+0156,+0066
001513,000034,000533,004849,-2298,+0156,+0066
001514,000034,000466,004849,-2298,+0156,+0066
001515,000033,000466,004849,-2298,+0156,+0066
001516,000033,000466,004849,-2630,+0048,+0139
001517,000033,000466,004849,-2630,+0048,+0139
001518,000033,000500,003200,-2584,-0001,-0064
001519,000033,000500,003121,-2584,-0001,-0064
001520,000033,000500,003076,-2537,-0058,-0307
001521,000033,000433,002938,-2649,-0199,-0361
001522,000033,000400,002839,-2649,-0199,-0361
001523,000033,000366,002726,-2762,-0207,-0364
001524,000033,000433,002604,-2762,-0207,-0364
001525,000033,000400,002567,-2762,-0207,-0364
001526,000033,000400,002557,-2762,-0207,-0364
001527,000033,000400,002512,-3078,-0292,-0201
001528,000033,000366,002428,-3078,-0292,-0201
001529,000033,000366,002312,-3145,-0274,-0244
001530,000033,000300,002202,-3145,-0274,-0244
001531,000033,000300,002038,-3014,-0343,-0194
001532,000033,000033,001922,-3014,-0343,-0194
001533,000033,000033,001796,-3014,-0343,-0194
001534,000033,000033,001630,-2726,-0284,-0011
001535,000033,000033,001467,-2726,-0284,-0011
001536,000033,000033,001250,-2659,-0253,-0041
001537,000033,000033,001128,-2659,-0253,-0041
001538,000033,000033,001000,-2557,-0190,-0004
001539,000033,000033,000867,-2557,-0190,-0004
001540,000033,000033,000680,-2484,-0145,+0044
001541,000033,000033,000561,-2484,-0145,+0044
001542,000033,000033,000450,-2475,-0067,+0059
001543,000033,000033,000354,-2475,-0067,+0059
001544,000033,000033,000276,-2478,-0022,+0024
001545,000033,000033,000192,-2478,-0022,+0024
001546,000033,000033,000153,-2478,-0022,+0024
001547,000033,000033,000111,-2472,+0005,+0016
001548,000033,000033,000074,-2472,+0005,+0016
001549,000033,000033,000038,-2386,+0011,-0059
001550,000033,000033,000013,-2386,+0011,-0059
001551,000033,000033,000005,-2312,+0014,+0010
001552,000033,000033,000003,-2312,+0014,+0010
001553,000033,000033,000008,-2270,+0033,-0003
001554,000033,000033,000023,-2270,+0033,-0003
001555,000033,000033,000023,-2261,+0045,+0005
001556,000033,000033,000195,-2261,+0045,+0005
001557,000033,000033,000254,-2261,+0045,+0005
001558,000033,000033,000679,-2262,+0056,+0050
001559,000033,000033,000779,-2262,+0056,+0050
001560,000033,000033,001415,-2267,+0060,+0031
001561,000033,000033,001267,-2267,+0060,+0031
001562,000033,000033,001377,-2248,+0063,+0058
001563,000033,000033,001083,-2248,+0063,+0058
001564,000033,000033,001083,-2247,+0078,+0054
001565,000033,000033,000072,-2247,+0078,+0054
001566,000033,000033,000072,-2247,+0078,+0054
001567,000033,000033,000000,-2247,+0078,+0054
001568,000033,000033,000000,-2247,+0078,+0054
001569,000033,000033,000000,-2349,-0051,+0024
001570,000033,000033,000000,-2436,-0094,-0006
001571,000033,000033,000000,-2478,-0145,+0017
001572,000033,000033,000000,-2478,-0145,+0017
001573,000033,000033,000090,-2492,-0115,+0013
001574,000033,000033,000090,-2492,-0115,+0013
001575,000033,000033,000090,-2527,-0062,+0053
001576,000033,000033,002132,-2527,-0062,+0053
001577,000033,000033,002132,-2470,-0063,+0116
001578,000033,000033,002132,-2462,-0022,+0118
001579,000033,000033,000000,-2462,-0022,+0118
001580,000033,000033,000000,-2410,-0006,+0115
001581,000033,000066,000000,-2410,-0006,+0115
001582,000033,000066,000000,-2346,+0029,+0071
001583,000033,000066,000000,-2346,+0029,+0071
001584,000033,000066,000000,-2301,+0048,+0096
001585,000033,000066,002320,-2301,+0048,+0096
001586,000033,000066,000081,-2261,+0078,+0082
001587,000033,000066,000256,-2261,+0078,+0082
001588,000033,000066,000125,-2262,+0051,+0117
001589,000033,000033,000011,-2271,-0011,+0100
001590,000033,000033,002726,-2294,+0013,+0135
001591,000033,000033,000137,-2289,+0001,+0090
001592,000033,000033,000014,-2289,+0001,+0090
001593,000033,000033,000012,-2283,+0017,+0035
001594,000033,000033,000054,-2283,+0017,+0035
001595,000033,000033,000801,-2275,+0001,+0045
001596,000033,000033,000893,-2275,+0001,+0045
001597,000033,000033,000645,-2319,+0024,+0006
001598,000033,000033,001657,-2319,+0024,+0006
001599,000033,000033,002044,-2319,+0024,+0006
001600,000033,000033,001107,-2377,+0029,+0022
001601,000033,000033,000367,-2377,+0029,+0022
001602,000033,000033,000349,-2422,+0001,+0128
001603,000033,000033,000088,-2422,+0001,+0128
001604,000033,000033,000098,-2450,-0004,+0122
001605,000033,000033,000055,-2450,-0004,+0122
001606,000033,000033,000153,-2450,-0004,+0122
001607,000033,000033,000434,-2466,+0035,+0190
001608,000033,000033,000868,-2396,+0024,+0179
001609,000033,000033,000343,-2396,+0024,+0179
001610,000033,000033,000168,-2317,+0014,+0056
001611,000033,000033,001422,-2295,+0020,+0094
001612,000033,000033,001744,-2295,+0020,+0094
001613,000033,000033,001672,-2261,+0012,+0130
001614,000033,000033,000014,-2261,+0012,+0130
001615,000033,000033,000021,-2223,+0000,+0047
001616,000033,000033,000041,-2223,+0000,+0047
001617,000033,000033,000000,-2189,-0036,+0064
001618,000033,000033,000000,-2189,-0036,+0064
001619,000034,000033,000230,-2100,-0029,+0095
001620,000034,000033,000037,-2100,-0029,+0095
001621,000034,000033,000065,-2100,-0029,+0095
001622,000034,000033,000666,-2025,-0018,+0075
001623,000034,000033,002875,-2025,-0018,+0075
001624,000034,000033,000436,-1983,-0052,+0102
001625,000034,000033,000025,-1983,-0052,+0102
001626,000033,000033,000004,-2022,-0031,+0211
001627,000033,000033,000013,-2022,-0031,+0211
001628,000033,000033,001011,-2127,-0001,+0088
001629,000033,000033,000115,-2127,-0001,+0088
001630,000033,000033,000785,-2265,+0030,+0077
001631,000033,000033,000481,-2294,+0072,-0019
001632,000034,000033,000781,-2294,+0072,-0019