006904,000033,000233,000000,-5019,+0017,+0022
006905,000033,000233,000000,-5019,+0017,+0022
006906,000033,000233,000000,-5021,+0017,+0048
006907,000033,000233,000000,-5021,+0017,+0048
006908,000033,000233,000000,-5020,+0016,+0009
006909,000033,000233,000000,-5020,+0016,+0009
006910,000033,000233,000000,-5021,+0017,-0006
006911,000033,000233,000000,-5021,+0017,-0006
006912,000033,000233,000000,-5022,+0016,-0015
006913,000033,000233,000000,-5022,+0016,-0015
006914,000033,000233,000000,-5024,+0017,-0010
006915,000033,000233,000000,-5024,+0017,-0010
006916,000033,000233,000000,-5024,+0017,-0010
006917,000033,000233,000000,-5025,+0017,-0014
006918,000033,000233,000000,-5025,+0017,-0014
006919,000033,000233,000000,-5025,+0018,-0023
006920,000033,000233,000000,-5025,+0018,-0023
006921,000033,000233,000000,-5026,+0016,-0022
006922,000033,000233,000000,-5026,+0016,-0022
006923,000033,000233,000000,-5026,+0016,-0004
006924,000033,000233,000000,-5026,+0016,-0004
006925,000033,000233,000000,-5027,+0018,-0013
006926,000033,000233,000000,-5027,+0018,-0008
006927,000033,000233,000000,-5027,+0018,-0008
006928,000033,000233,000000,-5028,+0016,-0017
006929,000033,000233,000000,-5028,+0016,-0017
006930,000033,000233,000000,-5030,+0016,+0000
006931,000033,000233,000000,-5030,+0016,+0000
006932,000033,000233,000000,-5027,+0017,+0000
006933,000033,000233,000000,-5027,+0017,+0000
006934,000033,000233,000000,-5027,+0016,-0003
006935,000033,000233,000000,-5027,+0016,-0003
006936,000033,000233,000000,-5027,+0016,+0007
006937,000033,000233,000000,-5027,+0017,+0006
006938,000033,000233,000000,-5027,+0017,+0006
006939,000033,000233,000000,-5029,+0016,+0027
006940,000033,000233,000000,-5029,+0016,+0027
006941,000033,000233,000000,-5028,+0017,+0077
006942,000033,000233,000000,-5028,+0017,+0077
006943,000033,000233,000000,-5028,+0015,+0104
006944,000033,000233,000000,-5028,+0015,+0104
006945,000033,000233,000000,-5028,+0015,+0092
006946,000033,000233,000000,-5028,+0014,+0101
006947,000033,000233,000000,-5028,+0014,+0101
006948,000033,000233,000000,-5029,+0014,+0097
006949,000033,000233,000000,-5029,+0014,+0097
006950,000033,000233,000000,-5030,+0016,+0101
006951,000033,000233,000000,-5030,+0016,+0101
006952,000033,000233,000000,-5030,+0017,+0101
006953,000033,000233,000000,-5030,+0017,+0101
006954,000033,000233,000000,-5030,+0017,+0109
006955,000033,000233,000000,-5030,+0017,+0109
006956,000033,000233,000000,-5031,+0017,+0085
006957,000033,000233,000000,-5031,+0017,+0085
006958,000033,000233,000000,-5031,+0017,+0085
006959,000033,000233,000000,-5034,+0015,+0090
006960,000033,000233,000000,-5034,+0015,+0090
006961,000033,000233,000000,-5032,+0017,+0030
006962,000033,000233,000000,-5032,+0017,+0030
006963,000033,000233,000000,-5031,+0016,+0018
006964,000033,000233,000000,-5031,+0016,+0018
006965,000033,000233,000000,-5032,+0016,+0019
006966,000033,000233,000000,-5032,+0016,+0019
006967,000033,000233,000000,-5028,+0016,-0019
006968,000033,000233,000000,-5028,+0015,-0013
006969,000033,000233,000000,-5028,+0015,-0013
006970,000033,000233,000000,-5028,+0016,+0005
006971,000033,000233,000000,-5028,+0016,+0005
006972,000033,000233,000000,-5027,+0015,+0010
006973,000033,000233,000000,-5027,+0015,+0010
006974,000033,000233,000000,-5029,+0016,+0027
006975,000033,000233,000000,-5029,+0016,+0027
006976,000033,000233,000000,-5030,+0016,+0012
006977,000033,000233,000000,-5030,+0016,+0012
006978,000033,000233,000000,-5029,+0016,+0015
006979,000033,000233,000000,-5030,+0016,+0015
006980,000033,000233,000000,-5030,+0016,+0015
006981,000033,000233,000000,-5030,+0016,+0009
006982,000033,000233,000000,-5030,+0016,+0009
006983,000033,000233,000000,-5031,+0017,-0001
006984,000033,000233,000000,-5031,+0017,-0001
006985,000033,000233,000000,-5030,+0017,+0003
006986,000033,000233,000000,-5030,+0017,+0003
006987,000033,000233,000000,-5031,+0017,+0004
006988,000033,000233,000000,-5031,+0017,+0004
006989,000033,000233,000000,-5031,+0017,+0004
006990,000033,000233,000000,-5032,+0016,+0007
006991,000033,000233,000000,-5032,+0016,+0007
006992,000033,000233,000000,-5032,+0017,+0002
006993,000033,000233,000000,-5032,+0017,+0002
006994,000033,000233,000000,-5032,+0017,+0000
006995,000033,000233,000000,-5032,+0017,+0000
006996,000033,000233,000000,-5033,+0017,+0001
006997,000033,000233,000000,-5033,+0017,+0001
006998,000033,000233,000000,-5032,+0016,+0001
006999,000033,000233,000000,-5032,+0016,+0001
007000,000033,000233,000000,-5032,+0016,+0001
007001,000033,000233,000000,-5030,+0015,+0000
007002,000033,000233,000000,-5030,+0015,+0000
007003,000033,000233,000000,-5032,+0016,+0002
007004,000033,000233,000000,-5032,+0016,+0002
007005,000033,000233,000000,-5034,+0016,+0001
007006,000033,000233,000000,-5034,+0016,+0001
007007,000033,000233,000000,-5034,+0017,+0001
007008,000033,000233,000000,-5034,+0017,+0001
007009,000033,000233,000000,-5036,+0018,+0000
007010,000033,000233,000000,-5036,+0017,+0002
007011,000033,000233,000000,-5036,+0017,+0002
007012,000033,000233,000000,-5036,+0017,+0006
007013,000033,000233,000000,-5036,+0017,+0006
007014,000033,000233,000000,-5038,+0018,+0005
007015,000033,000233,000000,-5038,+0018,+0005
007016,000033,000233,000000,-5038,+0017,+0004
007017,000033,000233,000000,-5038,+0017,+0004
007018,000033,000233,000000,-5039,+0016,+0009
007019,000033,000233,000000,-5039,+0016,+0009
007020,000033,000233,000000,-5039,+0016,+0004
007021,000033,000233,000000,-5038,+0017,+0004
007022,000033,000233,000000,-5038,+0017,+0004
007023,000033,000233,000000,-5038,+0016,+0002
007024,000033,000233,000000,-5038,+0016,+0002
007025,000033,000233,000000,-5038,+0018,-0002
007026,000033,000233,000000,-5038,+0018,-0002
007027,000033,000233,000000,-5037,+0018,+0019
007028,000033,000233,000000,-5037,+0018,+0019
007029,000033,000233,000000,-5036,+0017,+0007
007030,000033,000233,000000,-5036,+0017,+0007
007031,000033,000233,000000,-5036,+0017,+0007
007032,000033,000233,000000,-5035,+0016,-0003
007033,000033,000233,000000,-5035,+0016,-0003
007034,000033,000233,000000,-5036,+0017,+0027
007035,000033,000233,000000,-5036,+0017,+0027
007036,000033,000233,000000,-5039,+0017,+0061
007037,000033,000233,000000,-5039,+0017,+0061
007038,000033,000233,000000,-5038,+0015,+0068
007039,000033,000233,000000,-5038,+0015,+0068
007040,000033,000233,000000,-5042,+0017,+0076
007041,000033,000233,000000,-5042,+0016,+0074
007042,000033,000233,000000,-5042,+0016,+0074
007043,000033,000233,000000,-5043,+0017,+0085
007044,000033,000233,000000,-5043,+0017,+0085
007045,000033,000233,000000,-5046,+0018,+0066
007046,000033,000233,000000,-5046,+0018,+0066
007047,000033,000233,000000,-5047,+0017,+0036
007048,000033,000233,000000,-5047,+0017,+0036
007049,000033,000233,000000,-5050,+0016,+0040
007050,000033,000233,000000,-5050,+0016,+0040
007051,000033,000233,000000,-5047,+0016,+0015
007052,000033,000233,000000,-5047,+0016,+0014
007053,000033,000233,000000,-5047,+0016,+0014
007054,000033,000233,000000,-5048,+0017,+0013
007055,000033,000233,000000,-5048,+0017,+0013
007056,000033,000233,000000,-5048,+0017,+0009
007057,000033,000233,000000,-5048,+0017,+0009
007058,000033,000233,000000,-5050,+0016,+0000
007059,000033,000233,000000,-5050,+0016,+0000
007060,000033,000233,000000,-5050,+0016,+0004
007061,000033,000233,000000,-5050,+0015,+0010
007062,000033,000233,000000,-5050,+0015,+0010
007063,000033,000233,000000,-5050,+0016,+0000
007064,000033,000233,000000,-5050,+0016,+0000
007065,000033,000233,000000,-5050,+0017,+0003
007066,000033,000233,000000,-5050,+0017,+0003
007067,000033,000233,000000,-5049,+0017,+0001
007068,000033,000233,000000,-5049,+0017,+0001
007069,000033,000233,000000,-5050,+0016,-0005
007070,000033,000233,000000,-5050,+0016,-0005
007071,000033,000233,000000,-5050,+0016,+0012
007072,000033,000233,000000,-5050,+0016,+0012
007073,000033,000233,000000,-5050,+0016,+0012
007074,000033,000233,000000,-5050,+0017,+0008
007075,000033,000233,000000,-5050,+0017,+0008
007076,000033,000233,000000,-5050,+0017,+0004
007077,000033,000233,000000,-5050,+0017,+0004
007078,000033,000233,000000,-5049,+0016,+0005
007079,000033,000233,000000,-5049,+0016,+0005
007080,000033,000233,000000,-5050,+0018,-0004
007081,000033,000233,000000,-5050,+0018,-0004
007082,000033,000233,000000,-5052,+0016,+0000
007083,000033,000233,000000,-5052,+0016,-0001
007084,000033,000233,000000,-5052,+0016,-0001
007085,000033,000233,000000,-5053,+0016,+0001
007086,000033,000233,000000,-5053,+0016,+0001
007087,000033,000233,000000,-5056,+0015,+0010
007088,000033,000233,000000,-5056,+0015,+0010
007089,000033,000233,000000,-5058,+0017,-0005
007090,000033,000233,000000,-5058,+0017,-0005
007091,000033,000233,000000,-5060,+0017,+0001
007092,000033,000233,000000,-5060,+0017,+0001
007093,000033,000233,000000,-5061,+0016,-0008
007094,000033,000233,000000,-5061,+0018,-0003
007095,000033,000233,000000,-5061,+0018,-0003
007096,000033,000233,000000,-5059,+0017,-0011
007097,000033,000233,000000,-5059,+0017,-0011
007098,000033,000233,000000,-5058,+0016,-0010
007099,000033,000233,000000,-5058,+0016,-0010
007100,000033,000233,000000,-5059,+0015,-0010
007101,000033,000233,000000,-5059,+0015,-0010
007102,000033,000233,000000,-5058,+0015,-0002
007103,000033,000233,000000,-5058,+0013,-0003
007104,000033,000233,000000,-5058,+0013,-0003
007105,000033,000233,000000,-5059,+0014,-0006
007106,000033,000233,000000,-5059,+0014,-0006
007107,000033,000233,000000,-5059,+0013,-0016
007108,000033,000233,000000,-5059,+0013,-0016
007109,000033,000233,000000,-5060,+0015,-0015
007110,000033,000233,000000,-5060,+0015,-0015
007111,000033,000233,000000,-5061,+0015,-0010
007112,000033,000233,000000,-5061,+0015,-0010
007113,000033,000233,000000,-5060,+0014,-0012
007114,000033,000233,000000,-5060,+0014,-0012
007115,000033,000233,000000,-5057,+0014,-0018
007116,000033,000233,000000,-5059,+0015,-0011
007117,000033,000233,000000,-5059,+0015,-0011
007118,000033,000233,000000,-5058,+0015,+0004
007119,000033,000233,000000,-5058,+0015,+0004
007120,000033,000233,000000,-5057,+0014,+0000
007121,000033,000233,000000,-5057,+0014,+0000
007122,000033,000233,000000,-5055,+0014,+0004
007123,000033,000233,000000,-5055,+0014,+0004
007124,000033,000233,000000,-5056,+0015,+0017
007125,000033,000233,000000,-5056,+0015,+0018
007126,000033,000233,000000,-5056,+0015,+0018
007127,000033,000233,000000,-5057,+0015,+0019
007128,000033,000233,000000,-5057,+0015,+0019
007129,000033,000233,000000,-5056,+0013,+0023
007130,000033,000233,000000,-5056,+0013,+0023
007131,000033,000233,000000,-5056,+0013,+0031
007132,000033,000233,000000,-5056,+0013,+0031
007133,000033,000233,000000,-5058,+0015,+0056
007134,000033,000233,000000,-5058,+0015,+0056
007135,000033,000233,000000,-5062,+0014,+0052
007136,000033,000233,000000,-5062,+0013,+0041
007137,000033,000233,000000,-5062,+0013,+0041
007138,000033,000233,000000,-5063,+0015,+0052
007139,000033,000233,000000,-5063,+0015,+0052
007140,000033,000233,000000,-5065,+0015,+0041
007141,000033,000233,000000,-5065,+0015,+0041
007142,000033,000233,000000,-5062,+0014,+0017
007143,000033,000233,000000,-5062,+0014,+0017
007144,000033,000233,000000,-5061,+0015,+0015
007145,000033,000233,000000,-5059,+0014,+0013
007146,000033,000233,000000,-5059,+0014,+0013
007147,000033,000233,000000,-5058,+0014,+0014
007148,000033,000233,000000,-5058,+0014,+0014
007149,000033,000233,000000,-5056,+0016,+0017
007150,000033,000233,000000,-5056,+0016,+0017
007151,000033,000233,000000,-5053,+0015,+0044
007152,000033,000233,000000,-5053,+0015,+0044
007153,000033,000233,000000,-5053,+0015,+0046
007154,000033,000233,000000,-5053,+0015,+0046
007155,000033,000233,000000,-5054,+0014,+0031
007156,000033,000233,000000,-5054,+0014,+0031
007157,000033,000233,000000,-5055,+0014,+0039
007158,000033,000233,000000,-5055,+0013,+0042
007159,000033,000233,000000,-5055,+0013,+0042
007160,000033,000233,000000,-5056,+0015,+0044
007161,000033,000233,000000,-5056,+0015,+0044
007162,000033,000233,000000,-5053,+0014,+0060
007163,000033,000233,000000,-5053,+0014,+0060
007164,000033,000233,000000,-5054,+0014,+0051
007165,000033,000233,000000,-5054,+0014,+0051
007166,000033,000233,000000,-5053,+0012,+0053
007167,000033,000233,000000,-5052,+0015,+0056
007168,000033,000233,000000,-5052,+0015,+0056
007169,000033,000233,000000,-5053,+0013,+0035
007170,000033,000233,000000,-5053,+0013,+0035
007171,000033,000233,000000,-5055,+0013,+0035
007172,000033,000233,000000,-5056,+0015,+0031
007173,000033,000233,000000,-5056,+0015,+0031
007174,000033,000233,000000,-5056,+0015,+0031
007175,000033,000233,000000,-5055,+0015,+0035
007176,000033,000233,000000,-5055,+0015,+0035
007177,000033,000233,000000,-5057,+0015,+0034
007178,000033,000233,000000,-5058,+0014,+0032
007179,000033,000233,000000,-5058,+0014,+0032
007180,000033,000233,000000,-5061,+0015,+0021
007181,000033,000233,000000,-5061,+0015,+0021
007182,000033,000233,000000,-5061,+0015,+0017
007183,000033,000233,000000,-5061,+0015,+0017
007184,000033,000233,000000,-5063,+0013,+0016
007185,000033,000233,000000,-5063,+0013,+0016
007186,000033,000233,000000,-5064,+0013,+0016
007187,000033,000233,000000,-5064,+0013,+0016
007188,000033,000233,000000,-5064,+0013,+0016
007189,000033,000233,000000,-5065,+0014,+0005
007190,000033,000233,000000,-5065,+0014,+0005
007191,000033,000233,000000,-5065,+0014,+0029
007192,000033,000233,000000,-5065,+0014,+0029
007193,000033,000233,000000,-5065,+0012,+0020
007194,000033,000233,000000,-5065,+0012,+0020
007195,000033,000233,000000,-5066,+0013,+0017
007196,000033,000233,000000,-5066,+0013,+0017
007197,000033,000233,000000,-5066,+0013,+0017
007198,000033,000233,000000,-5066,+0013,+0017
007199,000033,000233,000000,-5066,+0013,+0017
007200,000033,000233,000000,-5068,+0013,+0002
007201,000033,000233,000000,-5068,+0013,+0002
007202,000033,000233,000000,-5067,+0013,+0014
007203,000033,000233,000000,-5067,+0013,+0014
007204,000033,000233,000000,-5069,+0015,+0026
007205,000033,000233,000000,-5069,+0015,+0026
007206,000033,000233,000000,-5068,+0015,+0057
007207,000033,000233,000000,-5068,+0015,+0057
007208,000033,000233,000000,-5067,+0013,+0045
007209,000033,000233,000000,-5066,+0014,+0035
007210,000033,000233,000000,-5066,+0014,+0035
007211,000033,000233,000000,-5066,+0015,+0072
007212,000033,000233,000000,-5066,+0015,+0072
007213,000033,000233,000000,-5064,+0015,+0055
007214,000033,000233,000000,-5064,+0015,+0055
007215,000033,000233,000000,-5066,+0014,+0050
007216,000033,000233,000000,-5065,+0014,+0045
007217,000033,000233,000000,-5065,+0014,+0045
007218,000033,000233,000000,-5065,+0014,+0045
007219,000033,000233,000000,-5065,+0014,+0045
007220,000033,000233,000000,-5063,+0013,+0045
007221,000033,000233,000000,-5063,+0013,+0045
007222,000033,000233,000000,-5064,+0014,+0043
007223,000033,000233,000000,-5064,+0014,+0043
007224,000033,000233,000000,-5064,+0015,+0055
007225,000033,000233,000000,-5064,+0015,+0055
007226,000033,000233,000000,-5063,+0014,+0032
007227,000033,000233,000000,-5063,+0014,+0032
007228,000033,000233,000000,-5064,+0014,+0026
007229,000033,000233,000000,-5064,+0014,+0026
007230,000033,000233,000000,-5064,+0014,+0026
007231,000033,000233,000000,-5062,+0013,+0036
007232,000033,000233,000000,-5062,+0013,+0036
007233,000033,000233,000000,-5062,+0014,+0042
007234,000033,000233,000000,-5062,+0014,+0042
007235,000033,000233,000000,-5062,+0011,+0044
007236,000033,000233,000000,-5062,+0011,+0044
007237,000033,000233,000000,-5064,+0016,+0035
007238,000033,000233,000000,-5064,+0016,+0035
007239,000033,000233,000000,-5069,+0016,+0007
007240,000033,000233,000000,-5069,+0016,+0007
007241,000033,000233,000000,-5069,+0016,+0007
007242,000033,000233,000000,-5075,+0017,+0035
007243,000033,000233,000000,-5075,+0017,+0035
007244,000033,000233,000000,-5073,+0017,+0034
007245,000033,000233,000000,-5073,+0017,+0034
007246,000033,000233,000000,-5076,+0017,+0032
007247,000033,000233,000000,-5076,+0017,+0032
007248,000033,000233,000000,-5080,+0016,+0018
007249,000033,000233,000000,-5080,+0016,+0018
007250,000033,000233,000000,-5075,+0016,+0007
007251,000033,000233,000000,-5076,+0014,+0016
007252,000033,000233,000000,-5076,+0014,+0016
007253,000033,000233,000000,-5076,+0014,+0020
007254,000033,000233,000000,-5076,+0014,+0020
007255,000033,000233,000000,-5078,+0015,+0027
007256,000033,000233,000000,-5078,+0015,+0027
007257,000033,000233,000000,-5079,+0015,+0035
007258,000033,000233,000000,-5079,+0015,+0035
007259,000033,000233,000000,-5079,+0015,+0039
007260,000033,000233,000000,-5079,+0015,+0039
007261,000033,000233,000000,-5080,+0015,+0041
007262,000033,000233,000000,-5080,+0016,+0041
007263,000033,000233,000000,-5080,+0016,+0041
007264,000033,000233,000000,-5080,+0017,+0035
007265,000033,000233,000000,-5080,+0017,+0035
007266,000033,000233,000000,-5081,+0016,+0039
007267,000033,000233,000000,-5081,+0016,+0039
007268,000033,000233,000000,-5081,+0016,+0060
007269,000033,000233,000000,-5081,+0016,+0060
007270,000033,000233,000000,-5079,+0015,+0034
007271,000033,000233,000000,-5079,+0015,+0034
007272,000033,000233,000000,-5079,+0015,+0034
007273,000033,000233,000000,-5081,+0018,+0035
007274,000033,000233,000000,-5081,+0018,+0035
007275,000033,000233,000000,-5083,+0018,+0025
007276,000033,000233,000000,-5083,+0018,+0025
007277,000033,000233,000000,-5084,+0017,+0027
007278,000033,000233,000000,-5084,+0017,+0027
007279,000033,000233,000000,-5086,+0017,+0018
007280,000033,000233,000000,-5086,+0017,+0018
007281,000033,000233,000000,-5088,+0017,+0018
007282,000033,000233,000000,-5088,+0017,+0018
007283,000033,000233,000000,-5088,+0017,+0018
007284,000033,000233,000000,-5090,+0016,+0004
007285,000033,000233,000000,-5090,+0016,+0004
007286,000033,000233,000000,-5090,+0014,+0029
007287,000033,000233,000000,-5090,+0014,+0029
007288,000033,000233,000000,-5092,+0017,+0031
007289,000033,000233,000000,-5092,+0017,+0031
007290,000033,000233,000000,-5092,+0018,+0049
007291,000033,000233,000000,-5092,+0018,+0049
007292,000033,000233,000000,-5090,+0018,+0029
007293,000033,000233,000000,-5090,+0018,+0027
007294,000033,000233,000000,-5090,+0018,+0027
007295,000033,000233,000000,-5089,+0018,+0041
007296,000033,000233,000000,-5089,+0018,+0041
007297,000033,000233,000000,-5092,+0018,+0063
007298,000033,000233,000000,-5092,+0018,+0063
007299,000033,000233,000000,-5095,+0018,+0038
007300,000033,000233,000000,-5095,+0018,+0038
007301,000033,000233,000000,-5097,+0018,+0017
007302,000033,000233,000000,-5099,+0017,+0032
007303,000033,000233,000000,-5099,+0017,+0032
007304,000033,000233,000000,-5102,+0016,+0016
007305,000033,000233,000000,-5102,+0016,+0016
007306,000033,000233,000000,-5102,+0016,+0015
007307,000033,000233,000000,-5102,+0016,+0015
007308,000033,000233,000000,-5102,+0016,+0032
007309,000033,000233,000000,-5102,+0016,+0032
007310,000033,000233,000000,-5103,+0018,+0045
007311,000033,000233,000000,-5103,+0018,+0045
007312,000033,000233,000000,-5104,+0018,+0062
007313,000033,000233,000000,-5104,+0018,+0062
007314,000033,000233,000000,-5104,+0018,+0062
007315,000033,000233,000000,-5105,+0017,+0053
007316,000033,000233,000000,-5105,+0017,+0053
007317,000033,000233,000000,-5110,+0019,+0061
007318,000033,000233,000000,-5110,+0019,+0061
007319,000033,000233,000000,-5112,+0018,+0080
007320,000033,000233,000000,-5112,+0018,+0080
007321,000033,000233,000000,-5114,+0019,+0084
007322,000033,000233,000000,-5114,+0019,+0084
007323,000033,000233,000000,-5112,+0019,+0088
007324,000033,000233,000000,-5112,+0019,+0092
007325,000033,000233,000000,-5112,+0019,+0092
007326,000033,000233,000000,-5111,+0018,+0036
007327,000033,000233,000000,-5111,+0018,+0036
007328,000033,000233,000000,-5114,+0017,+0033
007329,000033,000233,000000,-5114,+0017,+0033
007330,000033,000233,000000,-5113,+0018,+0014
007331,000033,000233,000000,-5113,+0018,+0014
007332,000033,000233,000000,-5117,+0016,+0024
007333,000033,000233,000000,-5117,+0016,+0024
007334,000033,000233,000000,-5115,+0017,+0018
007335,000033,000233,000000,-5116,+0017,+0005
007336,000033,000233,000000,-5116,+0017,+0005
007337,000033,000233,000000,-5122,+0018,+0029
007338,000033,000233,000000,-5122,+0018,+0029
007339,000033,000233,000000,-5122,+0017,+0017
007340,000033,000233,000000,-5122,+0017,+0017
007341,000033,000233,000000,-5122,+0016,+0038
007342,000033,000233,000000,-5122,+0016,+0038
007343,000033,000233,000000,-5122,+0016,+0035
007344,000033,000233,000000,-5122,+0016,+0035
007345,000033,000233,000000,-5122,+0016,+0035
007346,000033,000233,000000,-5122,+0018,+0050
007347,000033,000233,000000,-5122,+0018,+0050
007348,000033,000233,000000,-5119,+0018,+0035
007349,000033,000233,000000,-5119,+0018,+0035
007350,000033,000233,000000,-5120,+0017,+0035
007351,000033,000233,000000,-5120,+0017,+0035
007352,000033,000233,000000,-5121,+0018,+0024
007353,000033,000233,000000,-5121,+0018,+0024
007354,000033,000233,000000,-5119,+0018,+0031
007355,000033,000233,000000,-5119,+0018,+0031
007356,000033,000233,000000,-5119,+0018,+0031
007357,000033,000233,000000,-5115,+0016,+0027
007358,000033,000233,000000,-5115,+0016,+0027
007359,000033,000233,000000,-5114,+0017,+0035
007360,000033,000233,000000,-5114,+0017,+0035
007361,000033,000233,000000,-5113,+0017,+0028
007362,000033,000233,000000,-5113,+0017,+0028
007363,000033,000233,000000,-5111,+0017,+0057
007364,000033,000233,000000,-5111,+0017,+0057
007365,000033,000233,000000,-5109,+0017,+0059
007366,000033,000233,000000,-5110,+0017,+0055
007367,000033,000233,000000,-5110,+0017,+0055
007368,000033,000233,000000,-5111,+0018,+0055
007369,000033,000233,000000,-5111,+0018,+0055
007370,000033,000233,000000,-5110,+0016,+0033
007371,000033,000233,000000,-5110,+0016,+0033
007372,000033,000233,000000,-5111,+0017,+0051
007373,000033,000233,000000,-5111,+0017,+0051
007374,000033,000233,000000,-5113,+0017,+0051
007375,000033,000233,000000,-5113,+0017,+0051
007376,000033,000233,000000,-5113,+0017,+0051
007377,000033,000233,000000,-5111,+0017,+0052
007378,000033,000233,000000,-5111,+0017,+0052
007379,000033,000233,000000,-5115,+0017,+0033
007380,000033,000233,000000,-5115,+0017,+0033
007381,000033,000233,000000,-5117,+0018,+0047
007382,000033,000233,000000,-5117,+0018,+0047
007383,000033,000233,000000,-5114,+0017,+0056
007384,000033,000233,000000,-5114,+0017,+0056
007385,000033,000233,000000,-5113,+0017,+0033
007386,000033,000233,000000,-5113,+0017,+0033
007387,000033,000233,000000,-5113,+0017,+0033
007388,000033,000233,000000,-5114,+0017,+0002
007389,000033,000233,000000,-5114,+0017,+0002
007390,000033,000233,000000,-5116,+0016,+0016
007391,000033,000233,000000,-5116,+0016,+0016
007392,000033,000233,000000,-5118,+0017,+0039
007393,000033,000233,000000,-5118,+0017,+0039
007394,000033,000233,000000,-5121,+0016,+0032
007395,000033,000233,000000,-5121,+0016,+0032
007396,000033,000233,000000,-5124,+0016,+0039
007397,000033,000233,000000,-5124,+0016,+0039
007398,000033,000233,000000,-5125,+0016,+0034
007399,000033,000233,000000,-5125,+0016,+0031
007400,000033,000233,000000,-5125,+0016,+0031
007401,000033,000233,000000,-5127,+0017,+0041
007402,000033,000233,000000,-5127,+0017,+0041
007403,000033,000233,000000,-5129,+0016,+0034
007404,000033,000233,000000,-5129,+0016,+0034
007405,000033,000233,000000,-5129,+0016,+0036
007406,000033,000233,000000,-5129,+0016,+0036
007407,000033,000233,000000,-5132,+0017,+0042
007408,000033,000233,000000,-5133,+0016,+0044
007409,000033,000233,000000,-5133,+0016,+0044
007410,000033,000233,000000,-5139,+0018,+0062
007411,000033,000233,000000,-5139,+0018,+0062
007412,000033,000233,000000,-5136,+0017,+0006
007413,000033,000233,000000,-5136,+0017,+0006
007414,000033,000233,000000,-5142,+0015,+0008
007415,000033,000233,000000,-5142,+0015,+0008
007416,000033,000233,000000,-5145,+0014,-0017
007417,000033,000233,000000,-5145,+0014,-0017
007418,000033,000233,000000,-5145,+0014,-0030
007419,000033,000233,000000,-5145,+0014,-0027
007420,000033,000233,000000,-5145,+0014,-0027
007421,000033,000233,000000,-5138,+0015,+0005
007422,000033,000233,000000,-5138,+0015,+0005
007423,000033,000233,000000,-5142,+0016,-0024
007424,000033,000233,000000,-5142,+0016,-0024
007425,000033,000233,000000,-5139,+0014,-0030
007426,000033,000233,000000,-5139,+0014,-0030
007427,000033,000233,000000,-5134,+0013,-0012
007428,000033,000233,000000,-5135,+0013,+0014
007429,000033,000233,000000,-5135,+0013,+0014
007430,000033,000233,000000,-5132,+0014,+0009
007431,000033,000233,000000,-5132,+0014,+0009
007432,000033,000233,000000,-5131,+0012,-0004
007433,000033,000233,000000,-5131,+0012,-0004
007434,000033,000233,000000,-5131,+0014,+0011
007435,000033,000233,000000,-5131,+0014,+0011
007436,000033,000233,000000,-5133,+0014,+0013
007437,000033,000233,000000,-5133,+0014,+0013
007438,000033,000233,000000,-5133,+0013,+0011
007439,000033,000233,000000,-5133,+0013,+0011
007440,000033,000233,000000,-5133,+0013,+0011
007441,000033,000233,000000,-5134,+0014,+0021
007442,000033,000233,000000,-5134,+0014,+0021
007443,000033,000233,000000,-5134,+0015,+0026
007444,000033,000233,000000,-5134,+0015,+0026
007445,000033,000233,000000,-5135,+0015,+0037
007446,000033,000233,000000,-5135,+0015,+0037
007447,000033,000233,000000,-5138,+0015,+0043
007448,000033,000233,000000,-5138,+0015,+0043
007449,000033,000233,000000,-5129,+0017,+0002
007450,000033,000233,000000,-5130,+0012,+0005
007451,000033,000233,000000,-5130,+0012,+0005
007452,000033,000233,000000,-5132,+0018,+0038
007453,000033,000233,000000,-5132,+0018,+0038
007454,000033,000233,000000,-5133,+0020,+0052
007455,000033,000233,000000,-5133,+0020,+0052
007456,000033,000233,000000,-5134,-0013,+0061
007457,000033,000233,000000,-5134,-0013,+0061
007458,000033,000233,000000,-5134,+0005,+0064
007459,000033,000233,000000,-5134,+0005,+0064
007460,000033,000233,000000,-5132,+0000,+0062
007461,000033,000233,000000,-5133,+0002,+0065
007462,000033,000233,000000,-5133,+0002,+0065
007463,000033,000233,000000,-5134,+0006,+0074
007464,000033,000233,000000,-5134,+0006,+0074
007465,000033,000233,000000,-5131,+0005,+0053
007466,000033,000233,000000,-5131,+0005,+0053
007467,000033,000233,000000,-5133,+0011,+0075
007468,000033,000233,000000,-5133,+0011,+0075
007469,000033,000233,000000,-5134,+0012,+0064
007470,000033,000233,000000,-5134,+0012,+0064
007471,000033,000233,000000,-5134,+0012,+0064
007472,000033,000233,000000,-5131,+0015,+0043
007473,000033,000233,000000,-5131,+0015,+0043
007474,000033,000233,000000,-5129,+0018,+0076
007475,000033,000233,000000,-5129,+0018,+0076
007476,000033,000233,000000,-5130,+0029,+0053
007477,000033,000233,000000,-5158,+0098,+0110
007478,000033,000033,000000,-5158,+0098,+0110
007479,000033,000033,000000,-5215,+0141,+0078
007480,000033,000033,000000,-5215,+0141,+0078
007481,000033,000033,000000,-5215,+0141,+0078
007482,000033,000033,000000,-5215,+0141,+0078
007483,000033,000033,000000,-5459,+0227,+0159
007484,000033,000033,000000,-5459,+0227,+0159
007485,000033,000033,000000,-5534,+0194,+0120
007486,000033,000033,000000,-5534,+0194,+0120
007487,000033,000033,000000,-5533,+0222,+0041
007488,000033,000033,000000,-5533,+0222,+0041
007489,000033,000033,000000,-5549,+0156,+0119
007490,000033,000033,000000,-5549,+0156,+0119
007491,000033,000033,000000,-5629,+0150,+0139
007492,000033,000033,000000,-5624,+0197,+0138
007493,000033,000066,000000,-5624,+0197,+0138
007494,000033,000066,000000,-5726,+0146,+0177
007495,000033,000033,000000,-5726,+0146,+0177
007496,000033,000066,000000,-5832,+0183,+0164
007497,000033,000066,000000,-5832,+0183,+0164
007498,000033,000033,000000,-5969,+0179,+0203
007499,000033,000033,000000,-5969,+0179,+0203
007500,000033,000033,000000,-6087,+0086,+0057
007501,000033,000066,000000,-6087,+0086,+0057
007502,000033,000033,000000,-6255,+0138,+0002
007503,000033,000066,000000,-6271,+0153,-0010
007504,000033,000100,000000,-6271,+0153,-0010
007505,000033,000066,000000,-6464,+0070,+0126
007506,000033,000033,000000,-6464,+0070,+0126
007507,000034,000066,000000,-6758,+0237,-0070
007508,000034,000033,000000,-6758,+0237,-0070
007509,000033,000033,000000,-7141,+0214,-0007
007510,000033,000033,000000,-7141,+0214,-0007
007511,000033,000033,000000,-7593,-0018,+0054
007512,000033,000033,000000,-7593,-0018,+0054
007513,000033,000033,000000,-7593,-0018,+0054
007514,000034,000033,000000,-8100,-0144,+0037
007515,000034,000033,000000,-8100,-0144,+0037
007516,000033,000033,000000,-8460,-0154,+0054
007517,000033,000033,000000,-8460,-0154,+0054
007518,000033,000033,000000,-8683,-0184,+0084
007519,000033,000033,000000,-8683,-0184,+0084
007520,000035,000033,000000,-8700,-0184,+0075
007521,000035,000033,000000,-8700,-0184,+0075
007522,000035,000033,000000,-8661,-0207,+0119
007523,000034,000033,000000,-8661,-0207,+0119
007524,000034,000033,000000,-8661,-0207,+0119
007525,000034,000033,000000,-8660,-0059,+0156
007526,000034,000033,000000,-8660,-0059,+0156
007527,000034,000033,000000,-8668,-0013,+0107
007528,000034,000033,000000,-8668,-0013,+0107
007529,000034,000033,000000,-8668,+0008,+0145
007530,000034,000033,000000,-8668,+0008,+0145
007531,000034,000033,000000,-8674,+0016,+0169
007532,000034,000033,000000,-8674,+0016,+0169
007533,000034,000033,000000,-8671,+0015,+0117
007534,000034,000033,000000,-8671,+0011,+0119
007535,000033,000033,000000,-8671,+0011,+0119
007536,000033,000033,000000,-8671,+0020,+0145
007537,000033,000033,000000,-8669,+0013,+0166
007538,000033,000033,000000,-8668,-0005,+0179
007539,000034,000033,000000,-8668,-0005,+0179
007540,000034,000033,000000,-8659,-0008,+0171
007541,000033,000033,000000,-8659,-0008,+0171
007542,000033,000033,000000,-8692,+0001,+0190
007543,000033,000033,000000,-8692,+0001,+0190
007544,000033,000033,000000,-8699,+0061,+0121
007545,000033,000033,000000,-8696,+0049,+0108
007546,000033,000033,000000,-8696,+0049,+0108
007547,000033,000033,000000,-8680,+0032,+0129
007548,000033,000033,000000,-8680,+0032,+0129
007549,000033,000033,000000,-8659,+0021,+0137
007550,000033,000033,000000,-8659,+0021,+0137
007551,000033,000033,000000,-8648,+0017,+0159
007552,000033,000033,000000,-8648,+0017,+0159
007553,000033,000033,000000,-8637,-0031,+0127
007554,000033,000033,000000,-8637,-0031,+0127
007555,000034,000033,000000,-8613,-0060,+0110
007556,000034,000033,000000,-8611,-0099,+0150
007557,000034,000033,000000,-8611,-0099,+0150
007558,000034,000033,000000,-8545,-0111,+0097
007559,000034,000033,000000,-8545,-0111,+0097
007560,000033,000033,000000,-8418,-0047,+0103
007561,000033,000033,000000,-8418,-0047,+0103
007562,000033,000033,000000,-8396,-0048,+0141
007563,000033,000033,000000,-8396,-0048,+0141
007564,000033,000033,000000,-8355,-0018,+0135
007565,000033,000033,000000,-8355,-0018,+0135
007566,000033,000033,000000,-8355,-0018,+0135
007567,000033,000033,000000,-8332,+0000,+0062
007568,000033,000033,000000,-8332,+0000,+0062
007569,000034,000033,000000,-8282,-0023,+0097
007570,000034,000033,000000,-8282,-0023,+0097
007571,000033,000033,000000,-8207,-0018,+0149
007572,000033,000033,000000,-8207,-0018,+0149
007573,000033,000033,000000,-8099,+0039,+0227
007574,000033,000033,000000,-8099,+0039,+0227
007575,000033,000033,000000,-8021,+0021,+0168
007576,000033,000033,000000,-8012,-0003,+0139
007577,000033,000033,000000,-8012,-0003,+0139
007578,000033,000033,000000,-7956,+0014,+0186
007579,000033,000033,000000,-7956,+0014,+0186
007580,000034,000033,000000,-7836,+0035,+0206
007581,000034,000033,000000,-7836,+0035,+0206
007582,000034,000033,000000,-7685,+0035,+0220
007583,000034,000033,000000,-7685,+0035,+0220
007584,000033,000033,000000,-7535,+0131,+0133
007585,000033,000033,000000,-7535,+0131,+0133
007586,000033,000033,000000,-7387,+0122,+0157
007587,000034,000033,000000,-7374,+0092,+0139
007588,000034,000033,000000,-7374,+0092,+0139
007589,000034,000033,000000,-7366,+0088,+0128
007590,000033,000033,000000,-7366,+0088,+0128
007591,000033,000033,000000,-7332,+0027,+0140
007592,000033,000033,000000,-7332,+0027,+0140
007593,000033,000033,000000,-7308,+0010,+0187
007594,000033,000033,000000,-7308,+0010,+0187
007595,000033,000033,000000,-7303,+0001,+0168
007596,000033,000033,000000,-7303,+0001,+0168
007597,000033,000033,000000,-7300,+0008,+0158
007598,000033,000033,000000,-7298,+0001,+0196
007599,000034,000033,000000,-7298,+0001,+0196
007600,000034,000033,000000,-7220,+0001,+0149
007601,000034,000033,000000,-7220,+0001,+0149
007602,000034,000033,000000,-6883,-0007,+0171
007603,000033,000033,000000,-6883,-0007,+0171
007604,000033,000033,000000,-6350,-0095,+0118
007605,000034,000033,000000,-6350,-0095,+0118
007606,000034,000033,000000,-5728,-0158,+0095
007607,000034,000033,000000,-5608,-0161,+0102
007608,000034,000033,000000,-5608,-0161,+0102
007609,000034,000033,000000,-5115,-0162,+0103
007610,000034,000033,000000,-5115,-0162,+0103
007611,000034,000033,000000,-4816,-0145,+0172
007612,000033,000033,000000,-4816,-0145,+0172
007613,000033,000033,000000,-4751,-0117,+0103
007614,000034,000033,000000,-4751,-0117,+0103
007615,000034,000033,000000,-4744,-0035,+0095
007616,000034,000033,000000,-4744,-0035,+0095
007617,000034,000033,000000,-4727,+0001,+0081
007618,000034,000033,000000,-4721,+0003,+0082
007619,000034,000033,000000,-4721,+0003,+0082
007620,000034,000033,000000,-4708,+0018,+0099
007621,000034,000033,000000,-4708,+0018,+0099
007622,000033,000033,000000,-4681,-0129,+0132
007623,000033,000033,000000,-4681,-0129,+0132
007624,000033,000033,000000,-4612,-0145,+0065
007625,000033,000033,000000,-4612,-0145,+0065
007626,000033,000033,000000,-4556,-0087,+0049
007627,000033,000033,000000,-4556,-0087,+0049
007628,000033,000033,000000,-4556,-0087,+0049
007629,000033,000033,000000,-4629,-0048,+0206
007630,000033,000033,000000,-4629,-0048,+0206
007631,000033,000033,000000,-4669,+0020,+0117
007632,000033,000033,000000,-4669,+0020,+0117
007633,000033,000033,000000,-4704,+0031,+0137
007634,000033,000033,000000,-4704,+0031,+0137
007635,000035,000033,000000,-4695,+0036,+0115
007636,000035,000033,000000,-4695,+0036,+0115
007637,000035,000033,000000,-4708,+0065,+0134
007638,000033,000033,000000,-4708,+0065,+0134
007639,000033,000033,000000,-4710,+0006,+0156
007640,000034,000033,000000,-4694,+0053,+0113
007641,000034,000033,000000,-4694,+0053,+0113
007642,000033,000033,000000,-4686,+0000,+0127
007643,000033,000033,000000,-4686,+0000,+0127
007644,000033,000033,000000,-4654,-0013,+0149
007645,000033,000033,000000,-4654,-0013,+0149
007646,000033,000033,000000,-4620,-0023,+0088
007647,000033,000033,000000,-4600,+0047,+0111
007648,000033,000033,000000,-4600,+0047,+0111
007649,000033,000033,000000,-4523,+0012,+0137
007650,000033,000033,000000,-4523,+0012,+0137
007651,000033,000033,000000,-4517,+0020,+0167
007652,000034,000033,000000,-4517,+0020,+0167
007653,000034,000033,000000,-4524,-0004,+0162
007654,000033,000033,000000,-4524,-0004,+0162
007655,000033,000033,000000,-4526,-0003,+0174
007656,000033,000033,000000,-4526,-0003,+0174
007657,000033,000033,000000,-4524,+0024,+0241
007658,000033,000033,000000,-4524,+0024,+0241
007659,000033,000033,000000,-4499,-0002,+0156
007660,000033,000033,000000,-4497,+0003,+0171
007661,000033,000033,000000,-4497,+0003,+0171
007662,000033,000033,000000,-4486,+0013,+0117
007663,000033,000033,000000,-4486,+0013,+0117
007664,000033,000033,000000,-4425,+0091,+0136
007665,000034,000033,000000,-4425,+0091,+0136
007666,000034,000033,000000,-4363,+0148,+0146
007667,000033,000033,000000,-4363,+0148,+0146
007668,000033,000033,000000,-4326,+0166,+0129
007669,000033,000033,000000,-4326,+0166,+0129
007670,000033,000033,000000,-4326,+0166,+0129
007671,000033,000033,000000,-4317,+0106,+0124
007672,000033,000033,000000,-4317,+0106,+0124
007673,000033,000033,000000,-4299,+0061,+0116
007674,000033,000033,000000,-4299,+0061,+0116
007675,000033,000033,000000,-4287,+0037,+0123
007676,000033,000033,000000,-4287,+0037,+0123
007677,000033,000033,000000,-4279,+0023,+0112
007678,000033,000033,000000,-4279,+0023,+0112
007679,000033,000033,000000,-4269,+0019,+0087
007680,000033,000033,000000,-4269,+0019,+0087
007681,000033,000033,000000,-4257,+0016,+0090
007682,000033,000033,000000,-4255,+0017,+0075
007683,000033,000033,000000,-4255,+0017,+0075
007684,000033,000033,000000,-4259,+0014,+0095
007685,000033,000033,000000,-4259,+0014,+0095
007686,000033,000033,000000,-4260,+0017,+0079
007687,000033,000033,000000,-4260,+0017,+0079
007688,000033,000033,000000,-4257,+0016,+0091
007689,000033,000033,000000,-4257,+0016,+0091
007690,000033,000033,000000,-4261,+0016,+0087
007691,000033,000033,000000,-4260,+0017,+0084
007692,000033,000033,000000,-4260,+0017,+0084
007693,000033,000033,000000,-4259,+0014,+0081
007694,000033,000033,000000,-4259,+0014,+0081
007695,000033,000033,000000,-4261,+0014,+0086
007696,000033,000033,000000,-4261,+0014,+0086
007697,000033,000033,000000,-4261,+0015,+0088
007698,000033,000033,000000,-4261,+0015,+0088
007699,000033,000033,000000,-4263,+0017,+0100
007700,000033,000033,000000,-4263,+0017,+0100
007701,000033,000033,000000,-4263,+0016,+0112
007702,000033,000033,000000,-4264,+0014,+0109
007703,000033,000033,000000,-4264,+0014,+0109
007704,000033,000033,000000,-4266,+0016,+0093
007705,000033,000033,000000,-4266,+0016,+0093
007706,000033,000033,000000,-4262,+0015,+0103
007707,000033,000033,000000,-4262,+0015,+0103
007708,000033,000033,000000,-4263,+0015,+0104
007709,000033,000033,000000,-4263,+0015,+0104
007710,000033,000033,000000,-4261,+0016,+0100
007711,000033,000033,000000,-4261,+0016,+0100
007712,000033,000033,000000,-4261,+0016,+0100
007713,000033,000033,000000,-4265,+0016,+0102
007714,000033,000033,000000,-4265,+0016,+0102
007715,000033,000033,000000,-4265,+0016,+0093
007716,000033,000033,000000,-4265,+0016,+0093
007717,000033,000033,000000,-4265,+0017,+0096
007718,000033,000033,000000,-4265,+0017,+0096
007719,000033,000033,000000,-4266,+0015,+0096
007720,000033,000033,000000,-4266,+0015,+0096
007721,000033,000033,000000,-4266,+0016,+0105
007722,000033,000033,000000,-4266,+0016,+0105
007723,000033,000033,000000,-4266,+0016,+0105
007724,000033,000033,000000,-4264,+0016,+0110
007725,000033,000033,000000,-4266,+0016,+0107
007726,000033,000033,000000,-4263,+0017,+0102
007727,000033,000033,000000,-4263,+0017,+0102
007728,000033,000033,000000,-4263,+0014,+0126
007729,000033,000033,000000,-4263,+0014,+0126
007730,000033,000033,000000,-4264,+0015,+0111
007731,000033,000033,000000,-4264,+0015,+0111
007732,000033,000033,000000,-4264,+0016,+0115
007733,000033,000033,000000,-4265,+0016,+0119
007734,000033,000033,000000,-4265,+0016,+0119
007735,000033,000033,000000,-4270,+0016,+0109
007736,000033,000033,000000,-4270,+0016,+0109
007737,000033,000033,000000,-4272,+0017,+0089
007738,000033,000033,000000,-4272,+0017,+0089
007739,000033,000033,000000,-4274,+0017,+0097
007740,000033,000033,000000,-4274,+0017,+0097
007741,000033,000033,000000,-4275,+0017,+0081
007742,000033,000033,000000,-4275,+0017,+0081
007743,000033,000033,000000,-4277,+0017,+0090
007744,000033,000033,000000,-4276,+0018,+0094
007745,000033,000033,000000,-4276,+0018,+0094
007746,000033,000033,000000,-4276,+0017,+0091
007747,000033,000033,000000,-4276,+0017,+0091
007748,000033,000033,000000,-4277,+0014,+0091
007749,000033,000033,000000,-4277,+0014,+0091
007750,000033,000033,000000,-4277,+0016,+0111
007751,000033,000033,000000,-4277,+0016,+0111
007752,000033,000033,000000,-4277,+0014,+0116
007753,000033,000033,000000,-4277,+0014,+0116
007754,000033,000033,000000,-4277,+0014,+0116
