010893,000033,000010897,000033,000033,000000,-3308,+0036,+0056
010898,000033,000033,000000,-3309,+0036,+0072
010899,000033,000033,000000,-3308,+0037,+0069
010900,000033,000033,000000,-3308,+0037,+0069
010901,000033,000033,000000,-3312,+0037,+0071
010902,000033,000033,000000,-3312,+0037,+0071
010903,000033,000033,000000,-3312,+0038,+0058
010904,000033,000033,000000,-3312,+0038,+0058
010905,000033,000033,000000,-3309,+0037,+0036
010906,000033,000033,002747,-3309,+0037,+0036
010907,000033,000033,002747,-3307,+0036,+0037
010908,000033,000033,002747,-3307,+0036,+0037
010909,000033,000033,002747,-3307,+0036,+0037
010910,000033,000033,000000,-3306,+0037,+0055
010911,000033,000033,000000,-3306,+0037,+0055
010912,000033,000033,000000,-3309,+0037,+0059
010913,000033,000033,000000,-3307,+0036,+0034
010914,000033,000033,002567,-3307,+0036,+0034
010915,000033,000033,002567,-3306,+0036,+0044
010916,000033,000033,002567,-3306,+0036,+0044
010917,000033,000033,002567,-3307,+0035,+0043
010918,000033,000033,000000,-3307,+0035,+0043
010919,000033,000033,000000,-3307,+0035,+0043
010920,000033,000033,000000,-3307,+0035,+0043
010921,000033,000033,000000,-3310,+0035,+0043
010922,000033,000033,000000,-3310,+0035,+0043
010923,000033,000033,000000,-3313,+0038,+0042
010924,000033,000033,000000,-3313,+0038,+0042
010925,000033,000033,000000,-3315,+0037,+0032
010926,000033,000033,000000,-3315,+0037,+0032
010927,000033,000033,000000,-3317,+0037,+0029
010928,000033,000033,003184,-3317,+0037,+0029
010929,000033,000033,003184,-3313,+0035,+0026
010930,000033,000033,003184,-3314,+0034,+0024
010931,000033,000033,003184,-3314,+0034,+0024
010932,000033,000033,003184,-3316,+0036,+0029
010933,000033,000033,002327,-3316,+0036,+0029
010934,000033,000033,003061,-3314,+0036,+0038
010935,000033,000033,003061,-3314,+0036,+0038
010936,000033,000033,002163,-3317,+0037,+0050
010937,000033,000033,002016,-3317,+0037,+0050
010938,000033,000033,002016,-3319,+0037,+0044
010939,000033,000033,002016,-3319,+0037,+0044
010940,000033,000033,002747,-3319,+0038,+0070
010941,000033,000033,002747,-3320,+0038,+0073
010942,000033,000033,002747,-3320,+0038,+0073
010943,000033,000033,000000,-3320,+0038,+0072
010944,000033,000033,000000,-3320,+0038,+0072
010945,000033,000033,000000,-3321,+0038,+0049
010946,000033,000033,000000,-3321,+0038,+0049
010947,000033,000033,003137,-3322,+0036,+0048
010948,000033,000033,003137,-3322,+0036,+0048
010949,000033,000033,002964,-3323,+0038,+0095
010950,000033,000033,002964,-3323,+0038,+0095
010951,000033,000033,005360,-3323,+0038,+0095
010952,000033,000033,005360,-3321,+0039,+0082
010953,000033,000033,005360,-3321,+0039,+0082
010954,000033,000033,005360,-3323,+0038,+0067
010955,000033,000033,005360,-3323,+0038,+0067
010956,000033,000033,000000,-3322,+0038,+0084
010957,000033,000033,000000,-3322,+0038,+0084
010958,000033,000033,000000,-3324,+0038,+0063
010959,000033,000033,000000,-3324,+0038,+0063
010960,000033,000033,000000,-3324,+0037,+0064
010961,000033,000033,002912,-3324,+0037,+0064
010962,000033,000033,002912,-3324,+0037,+0064
010963,000033,000033,002912,-3325,+0036,+0062
010964,000033,000033,000000,-3325,+0036,+0062
010965,000033,000033,000000,-3328,+0036,+0049
010966,000033,000033,002270,-3328,+0036,+0049
010967,000033,000033,001691,-3327,+0036,+0039
010968,000033,000033,000054,-3327,+0036,+0039
010969,000033,000033,000054,-3328,+0035,+0056
010970,000033,000033,000039,-3328,+0035,+0056
010971,000033,000033,000029,-3328,+0036,+0052
010972,000033,000033,000000,-3328,+0038,+0046
010973,000033,000033,000000,-3328,+0038,+0046
010974,000033,000033,000000,-3328,+0038,+0045
010975,000033,000033,002011,-3328,+0038,+0045
010976,000033,000033,001638,-3330,+0037,+0049
010977,000033,000033,001638,-3330,+0037,+0049
010978,000033,000033,002163,-3333,+0039,+0061
010979,000033,000033,003005,-3333,+0039,+0061
010980,000033,000033,003005,-3332,+0037,+0063
010981,000033,000033,002604,-3332,+0037,+0063
010982,000033,000033,002604,-3332,+0037,+0063
010983,000033,000033,002604,-3329,+0037,+0060
010984,000033,000033,002604,-3329,+0037,+0060
010985,000033,000033,002604,-3330,+0038,+0068
010986,000033,000033,000000,-3331,+0038,+0069
010987,000033,000033,000000,-3331,+0038,+0069
010988,000033,000033,000000,-3329,+0039,+0052
010989,000033,000033,000000,-3329,+0039,+0052
010990,000033,000033,000000,-3332,+0039,+0059
010991,000033,000033,000000,-3332,+0039,+0059
010992,000033,000033,002486,-3332,+0039,+0059
010993,000033,000033,002486,-3332,+0039,+0059
010994,000033,000033,002486,-3331,+0035,+0037
010995,000033,000033,002486,-3331,+0035,+0037
010996,000033,000033,002486,-3328,+0035,+0040
010997,000033,000033,000000,-3328,+0035,+0040
010998,000033,000033,000000,-3327,+0036,+0033
010999,000033,000033,003005,-3327,+0036,+0033
011000,000033,000033,003005,-3324,+0036,+0031
011001,000033,000033,003005,-3324,+0036,+0031
011002,000033,000033,003005,-3318,+0036,+0028
011003,000033,000033,003005,-3317,+0036,+0031
011004,000033,000033,003268,-3317,+0036,+0031
011005,000033,000033,003268,-3321,+0036,+0041
011006,000033,000033,003268,-3321,+0036,+0041
011007,000033,000033,003268,-3321,+0035,+0026
011008,000033,000033,003268,-3321,+0035,+0026
011009,000033,000033,000000,-3322,+0036,+0047
011010,000033,000033,000000,-3322,+0036,+0047
011011,000033,000033,000000,-3320,+0035,+0039
011012,000033,000033,000000,-3320,+0035,+0039
011013,000033,000033,000000,-3319,+0036,+0046
011014,000033,000033,000000,-3319,+0037,+0049
011015,000033,000033,000000,-3319,+0037,+0049
011016,000033,000033,000000,-3320,+0036,+0044
011017,000033,000033,002863,-3320,+0036,+0044
011018,000033,000033,002863,-3321,+0035,+0037
011019,000033,000033,002863,-3321,+0035,+0037
011020,000033,000033,002222,-3321,+0035,+0043
011021,000033,000033,002222,-3321,+0035,+0043
011022,000033,000033,002222,-3321,+0035,+0033
011023,000033,000033,002222,-3321,+0035,+0033
011024,000033,000033,002222,-3321,+0035,+0033
011025,000033,000033,002222,-3322,+0037,+0028
011026,000033,000033,000000,-3322,+0037,+0028
011027,000033,000033,000000,-3326,+0036,+0023
011028,000033,000033,000000,-3326,+0036,+0023
011029,000033,000033,000000,-3322,+0034,+0008
011030,000033,000033,002781,-3322,+0034,+0008
011031,000033,000033,002428,-3323,+0037,+0013
011032,000033,000033,002428,-3323,+0037,+0013
011033,000033,000033,002428,-3323,+0037,+0013
011034,000033,000033,002298,-3321,+0037,+0019
011035,000033,000033,002298,-3321,+0037,+0019
011036,000033,000033,002614,-3321,+0038,+0024
011037,000033,000033,002614,-3321,+0038,+0024
011038,000033,000033,003047,-3319,+0035,+0006
011039,000033,000033,001719,-3319,+0035,+0006
011040,000033,000033,001719,-3319,+0038,+0018
011041,000033,000033,001362,-3319,+0038,+0018
011042,000033,000033,001362,-3321,+0038,+0017
011043,000033,000033,001619,-3321,+0038,+0017
011044,000033,000033,001845,-3325,+0038,+0023
011045,000033,000033,001854,-3324,+0038,+0021
011046,000033,000033,002539,-3321,+0037,+0014
011047,000033,000033,002539,-3322,+0038,+0024
011048,000033,000033,002539,-3322,+0038,+0024
011049,000033,000033,002539,-3323,+0036,+0031
011050,000033,000033,001845,-3323,+0036,+0031
011051,000033,000033,002705,-3324,+0038,+0036
011052,000033,000033,002705,-3324,+0038,+0036
011053,000033,000033,002705,-3328,+0037,+0042
011054,000033,000033,002478,-3328,+0037,+0042
011055,000033,000033,001827,-3327,+0036,+0062
011056,000033,000033,001827,-3328,+0038,+0057
011057,000033,000033,002365,-3328,+0038,+0057
011058,000033,000033,002365,-3328,+0038,+0057
011059,000033,000033,002726,-3328,+0038,+0057
011060,000033,000033,000000,-3325,+0037,+0053
011061,000033,000033,002978,-3325,+0037,+0053
011062,000033,000033,002978,-3325,+0038,+0052
011063,000033,000033,002978,-3325,+0038,+0052
011064,000033,000033,002978,-3325,+0035,+0058
011065,000033,000033,002978,-3327,+0036,+0061
011066,000033,000033,002978,-3327,+0036,+0061
011067,000033,000033,000000,-3326,+0036,+0047
011068,000033,000033,000000,-3326,+0036,+0047
011069,000033,000033,000000,-3325,+0036,+0053
011070,000033,000033,000000,-3325,+0036,+0053
011071,000033,000033,003613,-3326,+0038,+0063
011072,000033,000033,000015,-3326,+0038,+0063
011073,000033,000033,000022,-3327,+0036,+0051
011074,000033,000033,000022,-3327,+0036,+0051
011075,000033,000033,000022,-3329,+0037,+0061
011076,000033,000033,000018,-3329,+0037,+0061
011077,000033,000033,002049,-3329,+0037,+0061
011078,000033,000033,002000,-3331,+0035,+0046
011079,000033,000033,002000,-3331,+0035,+0046
011080,000033,000033,002684,-3334,+0037,+0041
011081,000033,000033,002684,-3334,+0037,+0041
011082,000033,000033,003251,-3328,+0036,+0034
011083,000033,000033,003251,-3327,+0036,+0046
011084,000033,000033,003251,-3327,+0036,+0046
011085,000033,000033,003251,-3329,+0038,+0066
011086,000033,000033,000000,-3329,+0038,+0066
011087,000033,000033,000000,-3330,+0037,+0070
011088,000033,000033,000000,-3330,+0037,+0070
011089,000033,000033,000000,-3331,+0037,+0061
011090,000033,000033,000000,-3331,+0037,+0061
011091,000033,000033,000000,-3334,+0036,+0077
011092,000033,000033,000000,-3334,+0036,+0077
011093,000033,000033,002614,-3338,+0038,+0067
011094,000033,000033,002614,-3338,+0038,+0067
011095,000033,000033,002614,-3339,+0036,+0067
011096,000033,000033,002614,-3339,+0036,+0067
011097,000033,000033,002614,-3339,+0036,+0067
011098,000033,000033,002614,-3345,+0037,+0074
011099,000033,000033,000000,-3345,+0037,+0074
011100,000033,000033,000000,-3345,+0037,+0056
011101,000033,000033,000000,-3345,+0037,+0056
011102,000033,000033,000000,-3348,+0037,+0061
011103,000033,000033,002215,-3348,+0037,+0061
011104,000033,000033,002215,-3348,+0037,+0069
011105,000033,000033,002215,-3348,+0037,+0069
011106,000033,000033,002215,-3351,+0037,+0048
011107,000033,000033,000000,-3351,+0037,+0048
011108,000033,000033,000000,-3351,+0037,+0048
011109,000033,000033,000000,-3350,+0036,+0044
011110,000033,000033,000000,-3350,+0036,+0044
011111,000033,000033,000000,-3350,+0036,+0034
011112,000033,000033,000000,-3350,+0036,+0034
011113,000033,000033,000000,-3352,+0036,+0046
011114,000033,000033,000000,-3352,+0036,+0046
011115,000033,000033,000000,-3351,+0033,+0025
011116,000033,000033,000000,-3351,+0033,+0025
011117,000033,000033,000000,-3353,+0036,+0025
011118,000033,000033,000000,-3353,+0036,+0025
011119,000033,000033,000000,-3353,+0036,+0025
011120,000033,000033,000000,-3354,+0037,+0023
011121,000033,000033,002694,-3354,+0037,+0023
011122,000033,000033,001932,-3356,+0036,+0024
011123,000033,000033,001932,-3356,+0036,+0024
011124,000033,000033,002726,-3356,+0036,+0032
011125,000033,000033,000000,-3357,+0037,+0039
011126,000033,000033,000000,-3357,+0037,+0039
011127,000033,000033,000000,-3357,+0037,+0022
011128,000033,000033,000000,-3357,+0037,+0022
011129,000033,000033,002530,-3358,+0036,+0035
011130,000033,000033,002530,-3358,+0036,+0035
011131,000033,000033,002530,-3362,+0037,+0026
011132,000033,000033,000000,-3362,+0037,+0026
011133,000033,000033,000000,-3362,+0036,+0029
011134,000033,000033,000000,-3362,+0036,+0029
011135,000033,000033,000000,-3362,+0036,+0029
011136,000033,000033,000000,-3361,+0037,+0055
011137,000033,000033,000000,-3361,+0037,+0055
011138,000033,000033,000000,-3362,+0037,+0041
011139,000033,000033,000000,-3362,+0037,+0041
011140,000033,000033,000000,-3363,+0037,+0036
011141,000033,000033,000000,-3363,+0037,+0036
011142,000033,000033,000000,-3365,+0038,+0028
011143,000033,000033,000000,-3365,+0038,+0028
011144,000033,000033,000000,-3365,+0037,+0028
011145,000033,000033,000000,-3365,+0037,+0028
011146,000033,000033,000000,-3365,+0038,+0025
011147,000033,000033,000000,-3365,+0038,+0025
011148,000033,000033,000000,-3366,+0036,+0028
011149,000033,000033,000000,-3366,+0036,+0028
011150,000033,000033,000000,-3366,+0036,+0028
011151,000033,000033,000000,-3364,+0036,+0027
011152,000033,000033,000000,-3364,+0036,+0027
011153,000033,000033,000000,-3365,+0037,+0023
011154,000033,000033,000000,-3365,+0037,+0023
011155,000033,000033,000000,-3362,+0037,+0049
011156,000033,000033,000000,-3362,+0037,+0049
011157,000033,000033,000000,-3359,+0037,+0033
011158,000033,000033,000000,-3359,+0037,+0033
011159,000033,000033,000000,-3360,+0035,+0024
011160,000033,000033,000000,-3360,+0035,+0023
011161,000033,000033,000000,-3360,+0035,+0023
011162,000033,000033,000000,-3361,+0035,+0031
011163,000033,000033,000000,-3361,+0035,+0031
011164,000033,000033,000000,-3362,+0037,+0039
011165,000033,000033,000000,-3362,+0037,+0039
011166,000033,000033,000000,-3362,+0037,+0025
011167,000033,000033,000000,-3362,+0037,+0025
011168,000033,000033,000000,-3364,+0037,+0006
011169,000033,000033,000000,-3364,+0037,+0006
011170,000033,000033,001300,-3365,+0036,+0004
011171,000033,000033,000668,-3364,+0037,+0004
011172,000033,000033,000520,-3364,+0037,+0004
011173,000033,000033,000566,-3365,+0037,+0013
011174,000033,000033,000577,-3364,+0036,+0017
011175,000033,000033,000574,-3366,+0036,+0021
011176,000033,000033,000576,-3366,+0036,+0021
011177,000033,000033,000588,-3366,+0037,+0017
011178,000033,000033,000619,-3366,+0037,+0017
011179,000033,000033,000696,-3364,+0036,+0004
011180,000033,000033,000731,-3364,+0036,+0004
011181,000033,000033,000736,-3364,+0036,+0004
011182,000033,000033,000703,-3364,+0036,+0011
011183,000033,000033,000671,-3364,+0036,+0011
011184,000033,000033,000649,-3364,+0036,+0016
011185,000033,000033,000637,-3364,+0036,+0016
011186,000033,000033,000605,-3364,+0035,+0007
011187,000033,000033,000561,-3364,+0035,+0007
011188,000033,000033,000520,-3364,+0035,+0007
011189,000033,000033,000473,-3364,+0035,+0007
011190,000033,000033,000449,-3364,+0035,+0007
011191,000033,000033,000423,-3360,+0034,-0011
011192,000033,000033,000410,-3360,+0034,-0011
011193,000033,000033,000430,-3371,+0036,+0032
011194,000033,000033,000434,-3371,+0036,+0032
011195,000033,000033,000451,-3373,+0038,+0053
011196,000033,000033,000481,-3373,+0038,+0053
011197,000033,000033,000511,-3372,+0037,+0057
011198,000033,000033,000511,-3372,+0037,+0057
011199,000033,000033,000511,-3373,+0036,+0038
011200,000033,000033,000511,-3373,+0036,+0038
011201,000033,000033,000511,-3373,+0035,+0038
011202,000033,000033,000511,-3372,+0035,+0032
011203,000033,000033,000547,-3372,+0035,+0032
011204,000033,000033,000559,-3367,+0035,+0038
011205,000033,000033,000587,-3367,+0035,+0038
011206,000033,000033,000608,-3367,+0034,+0033
011207,000033,000033,000610,-3367,+0034,+0033
011208,000033,000033,000605,-3368,+0033,+0034
011209,000033,000033,000610,-3368,+0033,+0034
011210,000033,000033,000611,-3370,+0032,+0020
011211,000033,000033,000599,-3370,+0032,+0020
011212,000033,000033,000568,-3372,+0033,+0004
011213,000033,000033,000556,-3371,+0033,+0004
011214,000033,000033,000544,-3371,+0033,+0004
011215,000033,000033,000537,-3371,+0036,-0003
011216,000033,000033,000554,-3371,+0036,-0003
011217,000033,000033,000544,-3372,+0035,+0006
011218,000033,000033,000517,-3372,+0035,+0006
011219,000033,000033,000503,-3371,+0033,-0006
011220,000033,000033,000504,-3371,+0033,-0006
011221,000033,000033,000519,-3372,+0035,-0004
011222,000033,000033,000550,-3372,+0034,-0005
011223,000033,000033,000574,-3372,+0034,-0005
011224,000033,000033,000601,-3372,+0034,-0003
011225,000033,000033,000610,-3372,+0034,-0003
011226,000033,000033,000576,-3372,+0034,+0010
011227,000033,000033,000549,-3372,+0034,+0010
011228,000033,000033,000552,-3371,+0036,+0028
011229,000033,000033,000579,-3371,+0036,+0028
011230,000033,000033,000601,-3373,+0035,+0024
011231,000033,000033,000633,-3373,+0035,+0024
011232,000033,000033,000649,-3373,+0035,+0024
011233,000033,000033,000649,-3373,+0035,+0024
011234,000033,000033,000641,-3373,+0035,+0024
011235,000033,000033,000627,-3367,+0034,+0020
011236,000033,000033,000587,-3367,+0034,+0020
011237,000033,000033,000558,-3367,+0033,+0035
011238,000033,000033,000553,-3367,+0033,+0035
011239,000033,000033,000577,-3372,+0035,+0051
011240,000033,000033,000611,-3372,+0035,+0046
011241,000033,000033,000613,-3372,+0035,+0046
011242,000033,000033,000604,-3375,+0032,+0045
011243,000033,000033,000582,-3375,+0032,+0045
011244,000033,000033,000572,-3376,+0031,+0060
011245,000033,000033,000566,-3376,+0031,+0060
011246,000033,000033,000571,-3377,+0031,+0066
011247,000033,000033,000576,-3377,+0031,+0066
011248,000033,000033,000576,-3374,+0031,+0056
011249,000033,000033,000580,-3374,+0031,+0056
011250,000033,000033,000577,-3374,+0031,+0056
011251,000033,000033,000562,-3374,+0031,+0056
011252,000033,000033,000559,-3374,+0031,+0056
011253,000033,000033,000573,-3374,+0031,+0056
011254,000033,000033,000564,-3374,+0031,+0056
011255,000033,000033,000553,-3386,+0030,+0072
011256,000033,000033,000551,-3386,+0030,+0072
011257,000033,000033,000530,-3383,+0021,+0034
011258,000033,000033,000481,-3383,+0021,+0034
011259,000033,000033,000481,-3382,+0017,+0028
011260,000033,000033,000481,-3382,+0017,+0028
011261,000033,000033,000481,-3380,+0010,+0060
011262,000033,000033,000481,-3380,+0010,+0060
011263,000033,000033,000481,-3380,+0010,+0060
011264,000033,000033,000377,-3380,+0010,+0060
011265,000033,000033,000376,-3380,+0010,+0060
011266,000033,000033,000371,-3375,+0020,+0042
011267,000033,000033,000375,-3375,+0020,+0042
011268,000033,000033,000375,-3377,+0027,+0050
011269,000033,000033,000346,-3377,+0027,+0050
011270,000033,000033,000317,-3378,+0025,+0046
011271,000033,000033,000285,-3378,+0025,+0046
011272,000033,000033,000254,-3374,+0025,+0033
011273,000033,000033,000233,-3374,+0025,+0033
011274,000033,000033,000223,-3374,+0025,+0033
011275,000033,000033,000202,-3374,+0025,+0033
011276,000033,000033,000186,-3374,+0025,+0033
011277,000033,000033,000181,-3371,+0024,+0042
011278,000033,000033,000178,-3371,+0024,+0042
011279,000033,000033,000167,-3368,+0023,+0023
011280,000033,000033,000158,-3368,+0023,+0023
011281,000033,000033,000156,-3380,+0004,+0040
011282,000034,000033,000163,-3380,+0004,+0040
011283,000034,000033,000149,-3406,+0069,+0038
011284,000033,000033,000123,-3406,+0069,+0038
011285,000033,000033,000104,-3406,+0069,+0038
011286,000033,000033,000081,-3392,+0134,+0104
011287,000033,000033,000058,-3392,+0134,+0104
011288,000033,000033,000038,-3342,+0141,+0131
011289,000034,000033,000015,-3342,+0141,+0131
011290,000034,000033,000007,-3383,+0122,+0114
011291,000033,000033,000003,-3383,+0122,+0114
011292,000033,000033,000003,-3458,+0145,+0190
011293,000033,000033,000015,-3458,+0145,+0190
011294,000033,000033,000041,-3534,+0216,+0198
011295,000034,000033,000127,-3593,+0182,+0128
011296,000034,000033,000183,-3602,+0181,+0128
011297,000034,000033,000441,-3649,+0243,+0160
011298,000034,000033,000611,-3649,+0243,+0160
011299,000034,000033,000741,-3746,+0216,+0169
011300,000033,000066,000220,-3746,+0216,+0169
011301,000033,000033,000220,-3823,+0163,+0201
011302,000033,000033,000220,-3823,+0163,+0201
011303,000033,000033,000032,-3845,+0168,+0199
011304,000033,000033,003061,-3845,+0168,+0199
011305,000033,000033,000147,-3846,+0153,+0107
011306,000033,000033,000863,-3846,+0153,+0107
011307,000033,000033,000871,-3846,+0153,+0107
011308,000033,000033,000264,-3773,+0311,-0095
011309,000033,000033,000264,-3773,+0311,-0095
011310,000033,000033,000089,-3751,+0326,-0143
011311,000033,000033,000000,-3751,+0326,-0143
011312,000033,000033,003286,-3718,+0277,-0082
011313,000033,000033,000061,-3718,+0277,-0082
011314,000033,000033,000073,-3740,+0258,-0097
011315,000033,000066,002684,-3777,+0209,-0008
011316,000033,000066,002684,-3777,+0209,-0008
011317,000034,000066,002781,-3777,+0209,-0008
011318,000034,000066,000277,-3777,+0209,-0008
011319,000033,000033,000197,-3747,+0151,+0115
011320,000033,000033,000193,-3693,+0111,+0008
011321,000033,000033,000024,-3676,+0078,-0032
011322,000033,000033,000103,-3676,+0078,-0032
011323,000033,000033,000038,-3609,-0023,+0007
011324,000033,000033,000004,-3609,-0023,+0007
011325,000033,000033,000009,-3663,-0116,-0046
011326,000033,000033,000807,-3663,-0116,-0046
011327,000033,000033,001850,-3737,-0043,+0313
011328,000033,000033,000475,-3748,-0026,+0291
011329,000033,000033,000475,-3748,-0026,+0291
011330,000033,000100,000267,-3843,-0045,+0174
011331,000033,000066,001253,-3886,+0034,+0291
011332,000033,000066,001634,-3923,+0026,+0431
011333,000033,000066,001634,-3923,+0026,+0431
011334,000033,000033,001634,-3978,+0125,+0184
011335,000033,000066,001634,-3978,+0125,+0184
011336,000033,000033,001634,-4104,+0143,+0000
011337,000033,000033,001634,-4104,+0143,+0000
011338,000033,000033,001272,-4149,+0138,+0278
011339,000033,000033,000561,-4126,+0102,+0407
011340,000033,000066,000746,-4126,+0102,+0407
011341,000033,000033,000950,-4174,-0008,-0004
011342,000033,000033,001128,-4174,-0008,-0004
011343,000033,000033,001253,-4223,-0191,-0299
011344,000033,000033,001425,-4223,-0191,-0299
011345,000033,000033,001502,-4183,+0127,-0215
011346,000033,000033,001528,-4142,+0200,-0278
011347,000034,000033,001522,-4142,+0200,-0278
011348,000034,000033,001555,-4142,+0200,-0278
011349,000033,000033,001562,-4142,+0200,-0278
011350,000033,000033,001552,-4065,+0166,+0009
011351,000033,000033,001525,-4065,+0166,+0009
011352,000033,000033,001539,-3965,+0102,-0268
011353,000033,000033,001580,-3965,+0102,-0268
011354,000034,000033,001573,-3780,+0311,-0160
011355,000034,000033,001559,-3780,+0311,-0160
011356,000033,000033,001562,-3593,+0244,+0030
011357,000033,000033,001566,-3593,+0244,+0030
011358,000033,000033,001519,-3601,+0440,-0177
011359,000034,000033,001480,-3601,+0440,-0177
011360,000034,000033,001425,-3601,+0440,-0177
011361,000034,000033,001379,-3803,+0380,+0002
011362,000034,000033,001373,-3803,+0380,+0002
011363,000033,000033,001443,-3990,+0379,+0014
011364,000033,000033,001486,-3990,+0379,+0014
011365,000033,000033,001535,-4159,+0363,+0445
011366,000033,000033,001587,-4159,+0363,+0445
011367,000033,000033,001580,-4212,+0406,+0387
011368,000034,000033,001519,-4212,+0406,+0387
011369,000034,000033,001437,-4224,+0114,+0417
011370,000034,000033,001319,-4235,+0140,+0429
011371,000034,000033,001319,-4235,+0140,+0429
011372,000034,000033,001319,-4273,-0042,+0370
011373,000034,000033,001319,-4273,-0042,+0370
011374,000033,000033,001319,-4259,-0176,+0432
011375,000033,000033,001319,-4259,-0176,+0432
011376,000033,000066,000290,-4334,-0333,+0312
011377,000033,000033,000100,-4334,-0333,+0312
011378,000033,000066,000003,-4359,-0269,+0224
011379,000033,000100,000471,-4357,-0202,+0244
011380,000033,000100,001259,-4373,-0094,+0272
011381,000034,000100,000570,-4367,-0084,+0273
011382,000034,000033,000570,-4367,-0084,+0273
011383,000033,000033,000038,-4365,-0028,+0175
011384,000033,000033,000000,-4365,-0028,+0175
011385,000034,000033,000000,-4378,+0000,+0189
011386,000034,000033,000000,-4378,+0000,+0189
011387,000034,000033,000000,-4393,+0005,+0177
011388,000034,000033,000000,-4393,+0005,+0177
011389,000034,000033,000000,-4397,+0008,+0123
011390,000034,000033,000000,-4397,+0008,+0123
011391,000034,000033,000000,-4402,+0011,+0145
011392,000034,000033,000000,-4404,+0013,+0142
011393,000034,000033,002863,-4404,+0013,+0142
011394,000034,000033,002863,-4408,+0013,+0149
011395,000034,000033,002863,-4408,+0013,+0149
011396,000034,000033,002863,-4472,+0021,+0103
011397,000034,000033,002851,-4460,+0027,+0141
011398,000034,000033,002851,-4460,+0027,+0141
011399,000034,000033,002851,-4460,+0027,+0141
011400,000034,000033,000000,-4460,+0027,+0141
011401,000034,000033,000000,-4508,+0028,+0136
011402,000034,000033,000000,-4508,+0028,+0136
011403,000034,000033,000000,-4517,+0037,+0168
011404,000034,000033,000000,-4517,+0037,+0168
011405,000034,000033,000000,-4515,+0053,+0187
011406,000034,000033,000000,-4515,+0053,+0187
011407,000033,000033,000000,-4514,+0049,+0162
011408,000033,000033,000000,-4514,+0049,+0162
011409,000033,000033,000000,-4541,+0013,+0188
011410,000033,000033,000000,-4541,+0013,+0188
011411,000033,000033,002653,-4524,+0027,+0169
011412,000033,000033,001171,-4524,+0025,+0168
011413,000033,000033,001038,-4524,+0025,+0168
011414,000033,000033,001038,-4531,+0018,+0183
011415,000033,000033,001288,-4531,+0018,+0183
011416,000033,000033,003304,-4525,+0014,+0176
011417,000033,000033,000000,-4525,+0014,+0176
011418,000033,000033,000000,-4522,+0013,+0183
011419,000033,000033,000000,-4522,+0013,+0183
011420,000033,000033,000000,-4520,+0013,+0195
011421,000033,000033,000000,-4520,+0013,+0195
011422,000033,000033,000000,-4520,+0013,+0195
011423,000033,000033,000000,-4524,+0009,+0185
011424,000033,000033,000000,-4524,+0009,+0185
011425,000033,000033,003019,-4531,+0009,+0203
011426,000033,000033,001958,-4531,+0009,+0203
011427,000033,000033,001958,-4538,+0009,+0209
011428,000033,000033,001958,-4538,+0009,+0209
011429,000033,000033,001958,-4541,+0007,+0191
011430,000033,000033,001958,-4541,+0007,+0191
011431,000033,000033,001552,-4542,+0007,+0174
011432,000033,000033,001552,-4542,+0007,+0174
011433,000033,000033,001883,-4547,+0003,+0193
011434,000033,000033,001883,-4548,+0003,+0192
011435,000033,000033,002827,-4548,+0003,+0192
011436,000033,000033,000000,-4556,+0008,+0193
011437,000033,000033,000000,-4556,+0008,+0193
011438,000033,000033,000000,-4528,-0003,+0162
011439,000033,000033,000000,-4528,-0003,+0162
011440,000034,000033,000000,-4493,+0008,+0188
011441,000034,000033,000000,-4493,+0008,+0188
011442,000034,000033,000000,-4493,+0008,+0188
011443,000034,000033,000000,-4502,+0010,+0200
011444,000034,000033,000000,-4502,+0010,+0200
011445,000034,000033,003359,-4501,+0029,+0173
011446,000034,000033,003359,-4501,+0029,+0173
011447,000034,000033,003359,-4501,+0025,+0182
011448,000034,000033,003200,-4501,+0025,+0182
011449,000034,000033,003200,-4497,+0010,+0189
011450,000034,000033,003200,-4497,+0010,+0189
011451,000034,000033,003200,-4488,+0018,+0200
011452,000034,000033,002747,-4488,+0018,+0200
011453,000034,000033,002747,-4482,+0029,+0198
011454,000034,000033,002747,-4494,+0030,+0201
011455,000034,000033,000000,-4494,+0030,+0201
011456,000034,000033,000000,-4504,+0046,+0183
011457,000034,000033,000000,-4504,+0046,+0183
011458,000034,000033,002038,-4506,+0060,+0143
011459,000034,000033,002038,-4506,+0060,+0143
011460,000034,000033,002038,-4505,+0066,+0134
011461,000034,000033,002038,-4505,+0066,+0134
011462,000034,000033,002038,-4521,+0070,+0133
011463,000034,000033,002038,-4524,+0073,+0135
011464,000034,000033,003304,-4524,+0073,+0135
011465,000034,000033,002108,-4512,+0075,+0136
011466,000034,000033,002595,-4512,+0075,+0136
011467,000034,000033,002595,-4511,+0070,+0136
011468,000034,000033,000000,-4511,+0070,+0136
011469,000034,000033,000000,-4515,+0066,+0132
011470,000034,000033,002938,-4515,+0066,+0132
011471,000034,000033,002938,-4515,+0066,+0132
011472,000034,000033,002938,-4515,+0066,+0132
011473,000034,000033,000000,-4494,+0062,+0145
011474,000034,000033,000000,-4494,+0062,+0145
011475,000034,000033,000000,-4494,+0062,+0145
011476,000034,000033,000000,-4478,+0058,+0183
011477,000034,000033,000000,-4478,+0058,+0183
011478,000034,000033,000000,-4489,+0061,+0187
011479,000034,000033,000000,-4489,+0061,+0187
011480,000034,000033,000000,-4490,+0059,+0204
011481,000034,000033,000000,-4490,+0059,+0204
011482,000034,000033,000000,-4501,+0065,+0204
011483,000034,000033,000000,-4501,+0065,+0204
011484,000034,000033,000000,-4514,+0064,+0163
011485,000034,000033,000000,-4511,+0062,+0163
011486,000034,000033,000000,-4511,+0062,+0163
011487,000034,000033,000000,-4502,+0065,+0123
011488,000034,000033,000000,-4502,+0065,+0123
011489,000034,000033,000000,-4484,+0065,+0117
011490,000034,000033,000000,-4473,+0063,+0136
011491,000034,000033,000000,-4473,+0063,+0136
011492,000034,000033,000000,-4466,+0063,+0164
011493,000034,000033,000000,-4466,+0063,+0164
011494,000034,000033,000000,-4458,+0066,+0161
011495,000034,000033,000000,-4458,+0066,+0161
011496,000034,000033,000000,-4454,+0066,+0164
011497,000034,000033,000000,-4454,+0066,+0164
011498,000034,000033,000000,-4450,+0064,+0156
011499,000034,000033,000000,-4450,+0064,+0156
011500,000034,000033,000000,-4450,+0063,+0144
011501,000034,000033,000000,-4450,+0063,+0144
011502,000034,000033,000000,-4438,+0066,+0133
011503,000034,000033,000000,-4437,+0067,+0144
011504,000034,000033,000000,-4437,+0067,+0144
011505,000034,000033,000000,-4437,+0067,+0144
011506,000034,000033,000000,-4436,+0065,+0135
011507,000034,000033,000000,-4438,+0065,+0135
011508,000034,000033,000000,-4438,+0065,+0135
011509,000034,000033,003152,-4433,+0061,+0164
011510,000034,000033,003152,-4433,+0061,+0164
011511,000034,000033,003152,-4431,+0059,+0154
011512,000034,000033,003359,-4431,+0059,+0154
011513,000034,000033,002469,-4426,+0060,+0156
011514,000034,000033,002469,-4426,+0060,+0156
011515,000034,000033,002469,-4419,+0066,+0135
011516,000034,000033,003168,-4419,+0066,+0135
011517,000034,000033,002851,-4419,+0066,+0135
011518,000034,000033,002851,-4421,+0061,+0143
011519,000034,000033,001927,-4421,+0061,+0143
011520,000034,000033,001927,-4422,+0055,+0152
011521,000034,000033,002567,-4422,+0055,+0152
011522,000034,000033,002567,-4425,+0066,+0162
011523,000034,000033,002567,-4425,+0066,+0162
011524,000034,000033,000000,-4410,+0075,+0138
011525,000034,000033,002684,-4410,+0075,+0138
011526,000034,000033,002684,-4429,+0062,+0145
011527,000034,000033,002684,-4426,+0062,+0148
011528,000034,000033,001097,-4426,+0062,+0148
011529,000034,000033,001097,-4434,+0058,+0179
011530,000034,000033,001097,-4434,+0058,+0179
011531,000034,000033,001097,-4427,+0064,+0154
011532,000034,000033,001359,-4427,+0064,+0154
011533,000034,000033,000000,-4436,+0068,+0140
011534,000034,000033,000000,-4436,+0068,+0140
011535,000034,000033,000000,-4449,+0071,+0155
011536,000034,000033,000000,-4445,+0071,+0152
011537,000034,000033,000000,-4445,+0071,+0152
011538,000034,000033,000000,-4452,+0076,+0160
011539,000034,000033,000000,-4450,+0077,+0151
011540,000034,000033,000000,-4449,+0076,+0153
011541,000034,000033,000000,-4449,+0076,+0153
011542,000034,000033,000000,-4446,+0078,+0164
011543,000034,000033,000000,-4446,+0078,+0164
011544,000034,000033,002567,-4444,+0077,+0166
011545,000034,000033,002567,-4444,+0077,+0166
011546,000034,000033,002567,-4417,+0075,+0123
011547,000034,000033,002072,-4417,+0075,+0123
011548,000034,000033,002072,-4420,+0080,+0127
011549,000034,000033,002072,-4426,+0080,+0141
011550,000034,000033,002072,-4426,+0080,+0141
011551,000034,000033,002747,-4418,+0075,+0159
011552,000034,000033,002182,-4418,+0075,+0159
011553,000034,000033,002182,-4429,+0073,+0134
011554,000034,000033,002182,-4429,+0073,+0134
011555,000034,000033,002182,-4432,+0079,+0130
011556,000034,000033,002758,-4432,+0079,+0130
011557,000034,000033,002758,-4429,+0076,+0126
011558,000034,000033,002758,-4430,+0076,+0137
011559,000034,000033,002758,-4430,+0076,+0137
011560,000034,000033,002758,-4428,+0077,+0127
011561,000034,000033,002758,-4428,+0077,+0127
011562,000034,000033,000000,-4426,+0079,+0135
011563,000034,000033,000000,-4426,+0079,+0135
011564,000034,000033,000000,-4429,+0081,+0132
011565,000034,000033,000000,-4429,+0081,+0132
011566,000034,000033,000000,-4436,+0080,+0116
011567,000034,000033,000000,-4436,+0080,+0116
011568,000034,000033,000000,-4438,+0081,+0100
011569,000034,000033,000000,-4445,+0082,+0095
011570,000034,000033,000000,-4445,+0082,+0095
011571,000034,000033,000000,-4438,+0081,+0099
011572,000034,000033,000000,-4438,+0081,+0099
011573,000034,000033,000000,-4427,+0078,+0113
011574,000034,000033,000000,-4427,+0078,+0113
011575,000034,000033,000000,-4413,+0075,+0109
011576,000034,000033,000000,-4413,+0075,+0109
011577,000034,000033,000000,-4411,+0077,+0083
011578,000034,000033,000000,-4411,+0077,+0083
011579,000034,000033,000000,-4411,+0077,+0083
011580,000034,000033,000000,-4404,+0076,+0112
011581,000034,000033,000000,-4404,+0076,+0112
011582,000034,000033,000000,-4417,+0080,+0102
011583,000034,000033,000000,-4417,+0080,+0102
011584,000034,000033,000000,-4417,+0080,+0102
011585,000034,000033,002747,-4398,+0077,+0061
011586,000034,000033,001989,-4398,+0077,+0061
011587,000034,000033,001989,-4420,+0077,+0089
011588,000034,000033,001519,-4420,+0077,+0089
011589,000034,000033,001519,-4420,+0077,+0089
011590,000034,000033,001947,-4417,+0077,+0090
011591,000034,000033,002770,-4424,+0077,+0088
011592,000034,000033,002770,-4424,+0077,+0088
011593,000034,000033,002770,-4417,+0078,+0087
011594,000034,000033,002770,-4417,+0078,+0087
011595,000034,000033,002770,-4414,+0076,+0101
011596,000034,000033,002770,-4414,+0076,+0101
011597,000034,000033,002770,-4409,+0076,+0086
011598,000034,000033,002770,-4409,+0076,+0086
011599,000034,000033,002770,-4401,+0076,+0078
011600,000034,000033,002770,-4397,+0076,+0065
011601,000034,000033,002770,-4397,+0076,+0065
011602,000034,000033,002770,-4401,+0078,+0037
011603,000034,000033,002770,-4401,+0078,+0037
011604,000034,000033,002770,-4412,+0075,+0047
011605,000034,000033,002770,-4412,+0075,+0047
011606,000034,000033,002770,-4412,+0079,+0029
011607,000034,000033,002770,-4412,+0079,+0029
011608,000034,000033,002770,-4415,+0079,+0028
011609,000034,000033,002770,-4415,+0079,+0028
011610,000034,000033,000000,-4424,+0072,+0019
011611,000034,000033,000000,-4440,+0086,+0041
011612,000034,000033,000000,-4440,+0086,+0041
011613,000034,000033,000000,-4430,+0079,+0029
011614,000034,000033,000000,-4430,+0079,+0029
011615,000034,000033,000000,-4407,+0080,+0029
011616,000034,000033,000000,-4407,+0080,+0029
011617,000034,000033,000000,-4407,+0078,+0045
011618,000034,000033,000000,-4405,+0082,+0038
011619,000034,000033,000000,-4405,+0082,+0038
011620,000034,000033,000000,-4405,+0082,+0038
011621,000034,000033,000000,-4405,+0082,+0038
011622,000034,000033,000000,-4436,+0080,+0062
011623,000034,000033,000000,-4436,+0080,+0062
011624,000034,000033,000000,-4448,+0080,+0081
011625,000034,000033,000000,-4448,+0080,+0081
011626,000034,000033,000000,-4443,+0079,+0078
011627,000034,000033,000000,-4443,+0079,+0078
011628,000034,000033,000000,-4460,+0079,+0055
011629,000034,000033,000000,-4460,+0079,+0055
011630,000034,000033,000000,-4473,+0078,+0072
011631,000034,000033,000000,-4473,+0078,+0072
011632,000034,000033,000000,-4473,+0078,+0072
011633,000034,000033,000000,-4473,+0079,+0088
011634,000034,000033,003738,-4473,+0079,+0088
011635,000034,000033,003738,-4483,+0081,+0089
011636,000034,000033,003738,-4483,+0081,+0089
011637,000034,000033,003738,-4483,+0081,+0089
011638,000034,000033,000000,-4483,+0081,+0089
011639,000034,000033,000000,-4483,+0081,+0089
011640,000034,000033,000000,-4471,+0078,+0096
011641,000034,000033,000000,-4471,+0078,+0096
011642,000034,000033,002633,-4481,+0080,+0099
011643,000034,000033,002633,-4481,+0080,+0099
011644,000034,000033,002633,-4480,+0079,+0085
011645,000034,000033,000000,-4480,+0079,+0085
011646,000034,000033,000000,-4473,+0079,+0077
011647,000034,000033,000000,-4473,+0079,+0077
011648,000034,000033,000000,-4445,+0081,+0089
011649,000034,000033,000000,-4445,+0081,+0089
011650,000034,000033,000000,-4463,+0079,+0085
011651,000034,000033,000000,-4463,+0079,+0085
011652,000034,000033,000000,-4470,+0079,+0085
011653,000034,000033,000000,-4469,+0078,+0075
011654,000034,000033,000000,-4469,+0078,+0075
011655,000034,000033,000000,-4471,+0079,+0065
011656,000034,000033,000000,-4471,+0079,+0065
011657,000034,000033,000000,-4474,+0082,+0071
011658,000034,000033,000000,-4474,+0082,+0071
011659,000034,000033,000000,-4476,+0081,+0082
011660,000034,000033,000000,-4476,+0081,+0082
011661,000034,000033,000000,-4476,+0081,+0082
011662,000034,000033,000000,-4476,+0081,+0082
011663,000034,000033,000000,-4476,+0081,+0082
011664,000034,000033,000000,-4480,+0078,+0070
011665,000034,000033,000000,-4480,+0078,+0070
011666,000034,000033,000000,-4478,+0075,+0077
011667,000034,000033,000000,-4478,+0075,+0077
011668,000034,000033,000000,-4478,+0078,+0063
011669,000034,000033,000000,-4478,+0078,+0063
011670,000034,000033,000000,-4468,+0082,+0077
011671,000034,000033,000000,-4468,+0082,+0077
011672,000034,000033,000000,-4448,+0073,+0097
011673,000034,000033,000000,-4448,+0073,+0097
011674,000034,000033,000000,-4448,+0073,+0097
011675,000034,000033,000000,-4448,+0072,+0099
011676,000034,000033,000000,-4448,+0072,+0099
011677,000034,000033,002548,-4445,+0073,+0095
011678,000034,000033,002548,-4445,+0073,+0095
011679,000034,000033,002548,-4437,+0074,+0105
011680,000034,000033,002548,-4437,+0074,+0105
011681,000034,000033,002548,-4429,+0072,+0127
011682,000034,000033,000000,-4437,+0075,+0133
011683,000034,000033,003076,-4437,+0075,+0133
011684,000034,000033,003076,-4428,+0075,+0135
011685,000034,000033,003076,-4428,+0075,+0135
011686,000034,000033,000000,-4425,+0077,+0146
011687,000034,000033,000000,-4425,+0077,+0146
011688,000034,000033,000000,-4427,+0070,+0132
011689,000034,000033,000000,-4427,+0070,+0132
011690,000034,000033,002726,-4429,+0069,+0115
011691,000034,000033,002726,-4429,+0069,+0115
011692,000034,000033,001973,-4427,+0069,+0112
011693,000034,000033,002770,-4427,+0069,+0112
011694,000034,000033,002770,-4427,+0069,+0112
011695,000034,000033,002770,-4431,+0067,+0086
011696,000034,000033,002770,-4431,+0067,+0086
011697,000034,000033,002770,-4436,+0069,+0094
011698,000034,000033,002770,-4436,+0069,+0094
011699,000034,000033,002595,-4442,+0071,+0088
011700,000034,000033,002595,-4442,+0071,+0088
011701,000034,000033,002595,-4452,+0069,+0067
011702,000034,000033,002595,-4452,+0069,+0067
011703,000034,000033,002595,-4467,+0071,+0073
011704,000034,000033,002595,-4467,+0071,+0073
011705,000034,000033,000000,-4467,+0071,+0073
011706,000034,000033,000000,-4465,+0068,+0073
011707,000034,000033,002643,-4465,+0068,+0073
011708,000034,000033,002643,-4461,+0071,+0071
011709,000034,000033,002643,-4461,+0071,+0071
011710,000034,000033,002643,-4477,+0072,+0077
011711,000034,000033,001932,-4477,+0072,+0077
011712,000034,000033,001932,-4477,+0072,+0077
011713,000034,000033,001932,-4495,+0069,+0058
011714,000034,000033,001932,-4495,+0069,+0058
011715,000034,000033,002176,-4495,+0069,+0058
011716,000034,000033,002144,-4495,+0069,+0058
011717,000034,000033,002144,-4520,+0071,+0067
011718,000034,000033,003106,-4520,+0071,+0067
011719,000034,000033,003106,-4527,+0072,+0063
011720,000034,000033,006289,-4527,+0072,+0063
011721,000034,000033,002839,-4533,+0070,+0058
011722,000034,000033,002182,-4533,+0070,+0058
011723,000034,000033,001724,-4543,+0071,+0044
011724,000034,000033,002222,-4543,+0071,+0044
011725,000034,000033,002222,-4543,+0071,+0044
011726,000034,000033,002912,-4543,+0073,+0054
011727,000034,000033,002912,-4543,+0073,+0054
011728,000034,000033,000000,-4544,+0071,+0065
011729,000034,000033,000000,-4544,+0071,+0065
011730,000034,000033,000000,-4550,+0074,+0068
011731,000034,000033,000000,-4550,+0074,+0068
011732,000034,000033,002827,-4561,+0077,+0083
011733,000034,000033,002827,-4561,+0077,+0083
011734,000034,000033,002365,-4588,+0078,+0068
011735,000034,000033,002365,-4588,+0078,+0068
011736,000034,000033,002365,-4588,+0078,+0068
011737,000034,000033,002365,-4609,+0079,+0054
011738,000034,000033,002365,-4609,+0079,+0054
011739,000034,000033,003613,-4600,+0078,+0043
011740,000034,000033,003613,-4600,+0078,+0043
011741,000034,000033,003106,-4587,+0075,+0033
011742,000034,000033,002208,-4587,+0075,+0033
011743,000034,000033,002208,-4565,+0074,+0028
011744,000034,000033,001477,-4565,+0074,+0028
011745,000034,000033,001477,-4551,+0073,+0022
011746,000034,000033,001753,-4551,+0073,+0022
011747,000034,000033,001753,-4550,+0076,+0021
011748,000034,000033,001753,-4540,+0071,+0021
011749,000034,000033,001753,-4540,+0071,+0021
011750,000034,000033,002242,-4523,+0073,+0006
011751,000034,000033,002242,-4523,+0073,+0006
011752,000034,000033,000000,-4505,+0072,+0011
011753,000034,000033,000000,-4505,+0072,+0011
011754,000034,000033,000000,-4499,+0073,+0024
011755,000034,000033,000000,-4499,+0073,+0024
011756,000034,000033,000000,-4498,+0074,+0036
011757,000034,000033,000000,-4501,+0072,+0035
011758,000034,000033,000000,-4501,+0072,+0035
011759,000034,000033,000000,-4504,+0074,+0043
011760,000034,000033,002758,-4504,+0074,+0043
011761,000034,000033,002758,-4510,+0075,+0033
011762,000034,000033,002016,-4510,+0075,+0033
011763,000034,000033,002016,-4517,+0079,+0041
011764,000034,000033,002016,-4517,+0079,+0041
011765,000034,000033,002016,-4520,+0077,+0041
011766,000034,000033,002016,-4520,+0077,+0041
011767,000034,000033,002016,-4536,+0080,+0048
011768,000034,000033,002016,-4538,+0081,+0050
011769,000034,000033,002072,-4538,+0081,+0050
011770,000034,000033,002072,-4533,+0080,+0054
011771,000034,000033,002875,-4532,+0077,+0056
011772,000034,000033,002875,-4532,+0077,+0056
011773,000034,000033,002875,-4523,+0079,+0058
011774,000034,000033,002875,-4523,+0079,+0058
011775,000034,000033,002875,-4523,+0079,+0058
011776,000034,000033,002875,-4508,+0078,+0058
011777,000034,000033,000000,-4508,+0078,+0058
011778,000034,000033,000000,-4508,+0078,+0058
011779,000034,000033,000000,-4499,+0079,+0038
